14 3 73

-1 19 19 19 9 -1 -1 -1 -1 -1 -1 -1 -1 -1 
-1 -1 -1 -1 -1 -1 16 -1 -1 -1 -1 -1 -1 -1 
-1 -1 -1 -1 -1 -1 -1 7 -1 -1 -1 -1 -1 -1 
-1 -1 -1 -1 -1 -1 -1 -1 21 -1 -1 -1 -1 -1 
-1 -1 -1 -1 -1 16 -1 -1 -1 -1 -1 -1 -1 -1 
-1 -1 -1 -1 -1 -1 18 17 10 -1 -1 -1 -1 -1 
-1 -1 -1 -1 -1 -1 -1 -1 -1 -1 21 -1 -1 -1 
-1 -1 -1 -1 -1 -1 -1 -1 -1 -1 -1 9 -1 -1 
-1 -1 -1 -1 -1 -1 -1 -1 -1 19 -1 -1 -1 -1 
-1 -1 -1 -1 -1 -1 -1 -1 -1 -1 7 9 -1 -1 
-1 -1 -1 -1 -1 -1 -1 -1 -1 -1 -1 -1 -1 21 
-1 -1 -1 -1 -1 -1 -1 -1 -1 -1 -1 -1 9 -1 
-1 -1 -1 -1 -1 -1 -1 -1 -1 -1 -1 -1 -1 8 
-1 -1 -1 -1 -1 -1 -1 -1 -1 -1 -1 -1 -1 -1 

24.0 19.0 18.0 12.0 
23.0 16.0 15.0 10.0 
26.0 24.0 24.0 16.0 
19.0 13.0 12.0 8.0 
16.0 18.0 14.0 9.0 
19.0 15.0 20.0 10.0 
17.0 15.0 18.0 10.0 
19.0 17.0 13.0 8.0 
24.0 16.0 19.0 10.0 
17.0 17.0 16.0 10.0 
19.0 22.0 22.0 12.0 
19.0 17.0 21.0 11.0 
14.0 21.0 17.0 9.0 
19.0 17.0 25.0 11.0 

0.00 1.23 0.69 0.88 
1.23 0.00 1.20 1.36 
0.69 1.20 0.00 1.06 
0.88 1.36 1.06 0.00 

0.0 2.0 2.0 3.0 
2.0 0.0 3.0 3.0 
2.0 3.0 0.0 3.0 
3.0 3.0 3.0 0.0 

24 20 32 16 18 20 20 16 20 20 24 22 18 22 

14 3 74

-1 19 8 14 19 -1 -1 -1 -1 -1 -1 -1 -1 -1 
-1 -1 -1 -1 -1 -1 12 -1 -1 -1 -1 -1 -1 -1 
-1 -1 -1 -1 -1 -1 -1 10 -1 -1 -1 -1 -1 -1 
-1 -1 -1 -1 -1 -1 -1 -1 18 -1 -1 -1 -1 -1 
-1 -1 -1 -1 -1 8 -1 -1 -1 -1 -1 -1 -1 -1 
-1 -1 -1 -1 -1 -1 14 13 21 -1 -1 -1 -1 -1 
-1 -1 -1 -1 -1 -1 -1 -1 -1 -1 14 -1 -1 -1 
-1 -1 -1 -1 -1 -1 -1 -1 -1 -1 -1 9 -1 -1 
-1 -1 -1 -1 -1 -1 -1 -1 -1 18 -1 -1 -1 -1 
-1 -1 -1 -1 -1 -1 -1 -1 -1 -1 7 8 -1 -1 
-1 -1 -1 -1 -1 -1 -1 -1 -1 -1 -1 -1 -1 21 
-1 -1 -1 -1 -1 -1 -1 -1 -1 -1 -1 -1 12 -1 
-1 -1 -1 -1 -1 -1 -1 -1 -1 -1 -1 -1 -1 13 
-1 -1 -1 -1 -1 -1 -1 -1 -1 -1 -1 -1 -1 -1 

20.0 22.0 16.0 10.0 
26.0 25.0 23.0 15.0 
19.0 13.0 16.0 8.0 
19.0 22.0 24.0 12.0 
18.0 24.0 24.0 12.0 
18.0 21.0 21.0 12.0 
11.0 14.0 14.0 7.0 
16.0 12.0 14.0 8.0 
21.0 18.0 20.0 12.0 
12.0 18.0 17.0 8.0 
14.0 18.0 19.0 9.0 
14.0 14.0 16.0 9.0 
21.0 26.0 24.0 14.0 
19.0 18.0 22.0 12.0 

0.00 1.23 0.69 0.88 
1.23 0.00 1.20 1.36 
0.69 1.20 0.00 1.06 
0.88 1.36 1.06 0.00 

0.0 2.0 2.0 3.0 
2.0 0.0 3.0 3.0 
2.0 3.0 0.0 3.0 
3.0 3.0 3.0 0.0 

20 30 16 24 24 24 14 16 24 16 18 18 28 24 

14 3 73

-1 12 7 9 15 -1 -1 -1 -1 -1 -1 -1 -1 -1 
-1 -1 -1 -1 -1 -1 16 -1 -1 -1 -1 -1 -1 -1 
-1 -1 -1 -1 -1 -1 -1 15 -1 -1 -1 -1 -1 -1 
-1 -1 -1 -1 -1 -1 -1 -1 21 -1 -1 -1 -1 -1 
-1 -1 -1 -1 -1 13 -1 -1 -1 -1 -1 -1 -1 -1 
-1 -1 -1 -1 -1 -1 15 19 10 -1 -1 -1 -1 -1 
-1 -1 -1 -1 -1 -1 -1 -1 -1 -1 13 -1 -1 -1 
-1 -1 -1 -1 -1 -1 -1 -1 -1 -1 -1 8 -1 -1 
-1 -1 -1 -1 -1 -1 -1 -1 -1 19 -1 -1 -1 -1 
-1 -1 -1 -1 -1 -1 -1 -1 -1 -1 11 11 -1 -1 
-1 -1 -1 -1 -1 -1 -1 -1 -1 -1 -1 -1 -1 18 
-1 -1 -1 -1 -1 -1 -1 -1 -1 -1 -1 -1 20 -1 
-1 -1 -1 -1 -1 -1 -1 -1 -1 -1 -1 -1 -1 19 
-1 -1 -1 -1 -1 -1 -1 -1 -1 -1 -1 -1 -1 -1 

15.0 14.0 16.0 9.0 
15.0 18.0 15.0 10.0 
20.0 27.0 28.0 13.0 
20.0 16.0 22.0 10.0 
12.0 12.0 15.0 8.0 
24.0 24.0 18.0 12.0 
17.0 15.0 17.0 10.0 
17.0 17.0 14.0 9.0 
20.0 27.0 23.0 13.0 
16.0 12.0 13.0 8.0 
25.0 26.0 20.0 13.0 
23.0 23.0 17.0 11.0 
20.0 21.0 17.0 11.0 
22.0 16.0 18.0 10.0 

0.00 1.23 0.69 0.88 
1.23 0.00 1.20 1.36 
0.69 1.20 0.00 1.06 
0.88 1.36 1.06 0.00 

0.0 2.0 2.0 3.0 
2.0 0.0 3.0 3.0 
2.0 3.0 0.0 3.0 
3.0 3.0 3.0 0.0 

18 20 26 20 16 24 20 18 26 16 26 22 22 20 

14 3 83

-1 15 13 9 18 -1 -1 -1 -1 -1 -1 -1 -1 -1 
-1 -1 -1 -1 -1 -1 15 -1 -1 -1 -1 -1 -1 -1 
-1 -1 -1 -1 -1 -1 -1 21 -1 -1 -1 -1 -1 -1 
-1 -1 -1 -1 -1 -1 -1 -1 8 -1 -1 -1 -1 -1 
-1 -1 -1 -1 -1 20 -1 -1 -1 -1 -1 -1 -1 -1 
-1 -1 -1 -1 -1 -1 17 12 7 -1 -1 -1 -1 -1 
-1 -1 -1 -1 -1 -1 -1 -1 -1 -1 19 -1 -1 -1 
-1 -1 -1 -1 -1 -1 -1 -1 -1 -1 -1 14 -1 -1 
-1 -1 -1 -1 -1 -1 -1 -1 -1 11 -1 -1 -1 -1 
-1 -1 -1 -1 -1 -1 -1 -1 -1 -1 19 13 -1 -1 
-1 -1 -1 -1 -1 -1 -1 -1 -1 -1 -1 -1 -1 14 
-1 -1 -1 -1 -1 -1 -1 -1 -1 -1 -1 -1 16 -1 
-1 -1 -1 -1 -1 -1 -1 -1 -1 -1 -1 -1 -1 8 
-1 -1 -1 -1 -1 -1 -1 -1 -1 -1 -1 -1 -1 -1 

20.0 17.0 18.0 11.0 
25.0 21.0 21.0 14.0 
26.0 26.0 25.0 16.0 
17.0 17.0 17.0 11.0 
22.0 19.0 22.0 12.0 
17.0 19.0 16.0 10.0 
14.0 16.0 14.0 9.0 
22.0 20.0 23.0 13.0 
18.0 18.0 18.0 12.0 
21.0 20.0 20.0 13.0 
21.0 21.0 20.0 13.0 
15.0 18.0 16.0 10.0 
21.0 22.0 21.0 14.0 
14.0 14.0 14.0 9.0 

0.00 0.78 1.00 1.01 
0.78 0.00 1.27 0.56 
1.00 1.27 0.00 0.69 
1.01 0.56 0.69 0.00 

0.0 2.0 4.0 2.0 
2.0 0.0 4.0 2.0 
4.0 4.0 0.0 3.0 
2.0 2.0 3.0 0.0 

22 28 32 22 24 20 18 26 24 26 26 20 28 18 

14 3 75

-1 17 20 21 15 -1 -1 -1 -1 -1 -1 -1 -1 -1 
-1 -1 -1 -1 -1 -1 12 -1 -1 -1 -1 -1 -1 -1 
-1 -1 -1 -1 -1 -1 -1 11 -1 -1 -1 -1 -1 -1 
-1 -1 -1 -1 -1 -1 -1 -1 11 -1 -1 -1 -1 -1 
-1 -1 -1 -1 -1 21 -1 -1 -1 -1 -1 -1 -1 -1 
-1 -1 -1 -1 -1 -1 8 10 16 -1 -1 -1 -1 -1 
-1 -1 -1 -1 -1 -1 -1 -1 -1 -1 11 -1 -1 -1 
-1 -1 -1 -1 -1 -1 -1 -1 -1 -1 -1 9 -1 -1 
-1 -1 -1 -1 -1 -1 -1 -1 -1 9 -1 -1 -1 -1 
-1 -1 -1 -1 -1 -1 -1 -1 -1 -1 18 21 -1 -1 
-1 -1 -1 -1 -1 -1 -1 -1 -1 -1 -1 -1 -1 17 
-1 -1 -1 -1 -1 -1 -1 -1 -1 -1 -1 -1 12 -1 
-1 -1 -1 -1 -1 -1 -1 -1 -1 -1 -1 -1 -1 13 
-1 -1 -1 -1 -1 -1 -1 -1 -1 -1 -1 -1 -1 -1 

24.0 22.0 22.0 14.0 
17.0 14.0 14.0 9.0 
21.0 23.0 23.0 14.0 
15.0 13.0 15.0 8.0 
20.0 20.0 19.0 12.0 
16.0 14.0 15.0 9.0 
14.0 17.0 17.0 9.0 
22.0 19.0 19.0 12.0 
17.0 17.0 17.0 11.0 
22.0 20.0 22.0 13.0 
17.0 15.0 14.0 9.0 
16.0 18.0 15.0 10.0 
18.0 17.0 18.0 11.0 
17.0 18.0 15.0 10.0 

0.00 0.78 1.00 1.01 
0.78 0.00 1.27 0.56 
1.00 1.27 0.00 0.69 
1.01 0.56 0.69 0.00 

0.0 2.0 4.0 2.0 
2.0 0.0 4.0 2.0 
4.0 4.0 0.0 3.0 
2.0 2.0 3.0 0.0 

28 18 28 16 24 18 18 24 22 26 18 20 22 20 

14 3 83

-1 17 17 18 14 -1 -1 -1 -1 -1 -1 -1 -1 -1 
-1 -1 -1 -1 -1 -1 7 -1 -1 -1 -1 -1 -1 -1 
-1 -1 -1 -1 -1 -1 -1 21 -1 -1 -1 -1 -1 -1 
-1 -1 -1 -1 -1 -1 -1 -1 13 -1 -1 -1 -1 -1 
-1 -1 -1 -1 -1 21 -1 -1 -1 -1 -1 -1 -1 -1 
-1 -1 -1 -1 -1 -1 12 11 7 -1 -1 -1 -1 -1 
-1 -1 -1 -1 -1 -1 -1 -1 -1 -1 11 -1 -1 -1 
-1 -1 -1 -1 -1 -1 -1 -1 -1 -1 -1 9 -1 -1 
-1 -1 -1 -1 -1 -1 -1 -1 -1 19 -1 -1 -1 -1 
-1 -1 -1 -1 -1 -1 -1 -1 -1 -1 14 15 -1 -1 
-1 -1 -1 -1 -1 -1 -1 -1 -1 -1 -1 -1 -1 8 
-1 -1 -1 -1 -1 -1 -1 -1 -1 -1 -1 -1 19 -1 
-1 -1 -1 -1 -1 -1 -1 -1 -1 -1 -1 -1 -1 20 
-1 -1 -1 -1 -1 -1 -1 -1 -1 -1 -1 -1 -1 -1 

14.0 14.0 16.0 9.0 
22.0 26.0 22.0 14.0 
24.0 23.0 24.0 15.0 
15.0 14.0 13.0 8.0 
18.0 20.0 19.0 12.0 
23.0 26.0 26.0 15.0 
21.0 19.0 20.0 12.0 
19.0 18.0 19.0 12.0 
19.0 19.0 20.0 12.0 
18.0 17.0 17.0 11.0 
17.0 16.0 14.0 9.0 
21.0 23.0 23.0 14.0 
16.0 18.0 16.0 10.0 
22.0 22.0 20.0 13.0 

0.00 0.78 1.00 1.01 
0.78 0.00 1.27 0.56 
1.00 1.27 0.00 0.69 
1.01 0.56 0.69 0.00 

0.0 2.0 4.0 2.0 
2.0 0.0 4.0 2.0 
4.0 4.0 0.0 3.0 
2.0 2.0 3.0 0.0 

18 28 30 16 24 30 24 24 24 22 18 28 20 26 

14 3 62

-1 10 14 19 8 -1 -1 -1 -1 -1 -1 -1 -1 -1 
-1 -1 -1 -1 -1 -1 11 -1 -1 -1 -1 -1 -1 -1 
-1 -1 -1 -1 -1 -1 -1 15 -1 -1 -1 -1 -1 -1 
-1 -1 -1 -1 -1 -1 -1 -1 7 -1 -1 -1 -1 -1 
-1 -1 -1 -1 -1 11 -1 -1 -1 -1 -1 -1 -1 -1 
-1 -1 -1 -1 -1 -1 7 18 15 -1 -1 -1 -1 -1 
-1 -1 -1 -1 -1 -1 -1 -1 -1 -1 17 -1 -1 -1 
-1 -1 -1 -1 -1 -1 -1 -1 -1 -1 -1 13 -1 -1 
-1 -1 -1 -1 -1 -1 -1 -1 -1 11 -1 -1 -1 -1 
-1 -1 -1 -1 -1 -1 -1 -1 -1 -1 10 20 -1 -1 
-1 -1 -1 -1 -1 -1 -1 -1 -1 -1 -1 -1 -1 18 
-1 -1 -1 -1 -1 -1 -1 -1 -1 -1 -1 -1 9 -1 
-1 -1 -1 -1 -1 -1 -1 -1 -1 -1 -1 -1 -1 15 
-1 -1 -1 -1 -1 -1 -1 -1 -1 -1 -1 -1 -1 -1 

17.0 19.0 9.0 6.0 
16.0 14.0 17.0 9.0 
21.0 13.0 16.0 8.0 
15.0 26.0 25.0 10.0 
23.0 18.0 22.0 12.0 
22.0 28.0 14.0 9.0 
22.0 19.0 15.0 10.0 
19.0 24.0 20.0 12.0 
21.0 16.0 19.0 10.0 
14.0 10.0 9.0 6.0 
19.0 18.0 19.0 12.0 
13.0 13.0 24.0 8.0 
9.0 13.0 14.0 6.0 
18.0 15.0 11.0 7.0 

0.00 1.22 0.52 1.38 
1.22 0.00 1.11 1.40 
0.52 1.11 0.00 1.44 
1.38 1.40 1.44 0.00 

0.0 2.0 4.0 2.0 
2.0 0.0 4.0 2.0 
4.0 4.0 0.0 3.0 
2.0 2.0 3.0 0.0 

12 18 16 20 24 18 20 24 20 12 24 16 12 14 

14 3 66

-1 11 20 11 8 -1 -1 -1 -1 -1 -1 -1 -1 -1 
-1 -1 -1 -1 -1 -1 8 -1 -1 -1 -1 -1 -1 -1 
-1 -1 -1 -1 -1 -1 -1 14 -1 -1 -1 -1 -1 -1 
-1 -1 -1 -1 -1 -1 -1 -1 16 -1 -1 -1 -1 -1 
-1 -1 -1 -1 -1 8 -1 -1 -1 -1 -1 -1 -1 -1 
-1 -1 -1 -1 -1 -1 18 7 13 -1 -1 -1 -1 -1 
-1 -1 -1 -1 -1 -1 -1 -1 -1 -1 10 -1 -1 -1 
-1 -1 -1 -1 -1 -1 -1 -1 -1 -1 -1 16 -1 -1 
-1 -1 -1 -1 -1 -1 -1 -1 -1 12 -1 -1 -1 -1 
-1 -1 -1 -1 -1 -1 -1 -1 -1 -1 15 14 -1 -1 
-1 -1 -1 -1 -1 -1 -1 -1 -1 -1 -1 -1 -1 18 
-1 -1 -1 -1 -1 -1 -1 -1 -1 -1 -1 -1 14 -1 
-1 -1 -1 -1 -1 -1 -1 -1 -1 -1 -1 -1 -1 20 
-1 -1 -1 -1 -1 -1 -1 -1 -1 -1 -1 -1 -1 -1 

14.0 19.0 30.0 9.0 
28.0 27.0 14.0 9.0 
17.0 16.0 24.0 10.0 
19.0 19.0 19.0 12.0 
14.0 23.0 22.0 9.0 
30.0 30.0 26.0 17.0 
15.0 11.0 11.0 7.0 
13.0 11.0 20.0 7.0 
21.0 28.0 18.0 12.0 
21.0 11.0 18.0 7.0 
30.0 20.0 28.0 13.0 
17.0 23.0 12.0 8.0 
10.0 17.0 10.0 6.0 
13.0 19.0 11.0 7.0 

0.00 1.22 0.52 1.38 
1.22 0.00 1.11 1.40 
0.52 1.11 0.00 1.44 
1.38 1.40 1.44 0.00 

0.0 2.0 4.0 2.0 
2.0 0.0 4.0 2.0 
4.0 4.0 0.0 3.0 
2.0 2.0 3.0 0.0 

18 18 20 24 18 34 14 14 24 14 26 16 12 14 

14 3 57

-1 7 14 20 14 -1 -1 -1 -1 -1 -1 -1 -1 -1 
-1 -1 -1 -1 -1 -1 20 -1 -1 -1 -1 -1 -1 -1 
-1 -1 -1 -1 -1 -1 -1 17 -1 -1 -1 -1 -1 -1 
-1 -1 -1 -1 -1 -1 -1 -1 8 -1 -1 -1 -1 -1 
-1 -1 -1 -1 -1 12 -1 -1 -1 -1 -1 -1 -1 -1 
-1 -1 -1 -1 -1 -1 21 15 21 -1 -1 -1 -1 -1 
-1 -1 -1 -1 -1 -1 -1 -1 -1 -1 13 -1 -1 -1 
-1 -1 -1 -1 -1 -1 -1 -1 -1 -1 -1 9 -1 -1 
-1 -1 -1 -1 -1 -1 -1 -1 -1 20 -1 -1 -1 -1 
-1 -1 -1 -1 -1 -1 -1 -1 -1 -1 20 18 -1 -1 
-1 -1 -1 -1 -1 -1 -1 -1 -1 -1 -1 -1 -1 7 
-1 -1 -1 -1 -1 -1 -1 -1 -1 -1 -1 -1 8 -1 
-1 -1 -1 -1 -1 -1 -1 -1 -1 -1 -1 -1 -1 16 
-1 -1 -1 -1 -1 -1 -1 -1 -1 -1 -1 -1 -1 -1 

21.0 21.0 13.0 8.0 
16.0 17.0 18.0 10.0 
26.0 17.0 18.0 11.0 
11.0 16.0 15.0 7.0 
28.0 13.0 23.0 8.0 
13.0 11.0 15.0 7.0 
22.0 14.0 13.0 8.0 
10.0 10.0 19.0 6.0 
19.0 14.0 12.0 8.0 
18.0 17.0 16.0 10.0 
19.0 10.0 11.0 6.0 
13.0 18.0 17.0 8.0 
11.0 21.0 12.0 7.0 
25.0 16.0 26.0 10.0 

0.00 1.22 0.52 1.38 
1.22 0.00 1.11 1.40 
0.52 1.11 0.00 1.44 
1.38 1.40 1.44 0.00 

0.0 2.0 4.0 2.0 
2.0 0.0 4.0 2.0 
4.0 4.0 0.0 3.0 
2.0 2.0 3.0 0.0 

16 20 22 14 16 14 16 12 16 20 12 16 14 20 

14 3 64

-1 3 3 1 3 -1 -1 -1 -1 -1 -1 -1 -1 -1 
-1 -1 -1 -1 -1 -1 3 -1 -1 -1 -1 -1 -1 -1 
-1 -1 -1 -1 -1 -1 -1 1 -1 -1 -1 -1 -1 -1 
-1 -1 -1 -1 -1 -1 -1 -1 3 -1 -1 -1 -1 -1 
-1 -1 -1 -1 -1 3 -1 -1 -1 -1 -1 -1 -1 -1 
-1 -1 -1 -1 -1 -1 1 3 3 -1 -1 -1 -1 -1 
-1 -1 -1 -1 -1 -1 -1 -1 -1 -1 1 -1 -1 -1 
-1 -1 -1 -1 -1 -1 -1 -1 -1 -1 -1 3 -1 -1 
-1 -1 -1 -1 -1 -1 -1 -1 -1 1 -1 -1 -1 -1 
-1 -1 -1 -1 -1 -1 -1 -1 -1 -1 2 2 -1 -1 
-1 -1 -1 -1 -1 -1 -1 -1 -1 -1 -1 -1 -1 1 
-1 -1 -1 -1 -1 -1 -1 -1 -1 -1 -1 -1 2 -1 
-1 -1 -1 -1 -1 -1 -1 -1 -1 -1 -1 -1 -1 3 
-1 -1 -1 -1 -1 -1 -1 -1 -1 -1 -1 -1 -1 -1 

24.0 17.0 24.0 11.0 
12.0 17.0 18.0 8.0 
24.0 17.0 24.0 11.0 
15.0 20.0 22.0 10.0 
15.0 14.0 14.0 9.0 
16.0 16.0 16.0 10.0 
15.0 17.0 13.0 8.0 
11.0 15.0 15.0 7.0 
12.0 14.0 16.0 8.0 
17.0 19.0 14.0 9.0 
17.0 24.0 20.0 11.0 
13.0 19.0 15.0 8.0 
17.0 15.0 12.0 8.0 
27.0 17.0 25.0 11.0 

0.00 1.01 0.94 1.28 
1.01 0.00 0.55 0.81 
0.94 0.55 0.00 1.41 
1.28 0.81 1.41 0.00 

0.0 3.0 4.0 3.0 
3.0 0.0 2.0 2.0 
4.0 2.0 0.0 4.0 
3.0 2.0 4.0 0.0 

22 16 22 20 18 20 16 14 16 18 22 16 16 22 

14 3 81

-1 1 2 3 3 -1 -1 -1 -1 -1 -1 -1 -1 -1 
-1 -1 -1 -1 -1 -1 1 -1 -1 -1 -1 -1 -1 -1 
-1 -1 -1 -1 -1 -1 -1 2 -1 -1 -1 -1 -1 -1 
-1 -1 -1 -1 -1 -1 -1 -1 3 -1 -1 -1 -1 -1 
-1 -1 -1 -1 -1 1 -1 -1 -1 -1 -1 -1 -1 -1 
-1 -1 -1 -1 -1 -1 3 2 2 -1 -1 -1 -1 -1 
-1 -1 -1 -1 -1 -1 -1 -1 -1 -1 1 -1 -1 -1 
-1 -1 -1 -1 -1 -1 -1 -1 -1 -1 -1 3 -1 -1 
-1 -1 -1 -1 -1 -1 -1 -1 -1 2 -1 -1 -1 -1 
-1 -1 -1 -1 -1 -1 -1 -1 -1 -1 1 3 -1 -1 
-1 -1 -1 -1 -1 -1 -1 -1 -1 -1 -1 -1 -1 3 
-1 -1 -1 -1 -1 -1 -1 -1 -1 -1 -1 -1 3 -1 
-1 -1 -1 -1 -1 -1 -1 -1 -1 -1 -1 -1 -1 1 
-1 -1 -1 -1 -1 -1 -1 -1 -1 -1 -1 -1 -1 -1 

26.0 25.0 19.0 12.0 
12.0 16.0 19.0 8.0 
20.0 15.0 17.0 10.0 
27.0 27.0 26.0 17.0 
26.0 24.0 24.0 16.0 
19.0 17.0 18.0 11.0 
27.0 20.0 22.0 13.0 
12.0 11.0 17.0 7.0 
22.0 23.0 26.0 14.0 
23.0 23.0 22.0 14.0 
17.0 19.0 12.0 8.0 
15.0 22.0 20.0 10.0 
18.0 17.0 19.0 11.0 
18.0 17.0 25.0 11.0 

0.00 1.01 0.94 1.28 
1.01 0.00 0.55 0.81 
0.94 0.55 0.00 1.41 
1.28 0.81 1.41 0.00 

0.0 3.0 4.0 3.0 
3.0 0.0 2.0 2.0 
4.0 2.0 0.0 4.0 
3.0 2.0 4.0 0.0 

24 16 20 34 32 22 26 14 28 28 16 20 22 22 

14 3 73

-1 1 3 1 3 -1 -1 -1 -1 -1 -1 -1 -1 -1 
-1 -1 -1 -1 -1 -1 1 -1 -1 -1 -1 -1 -1 -1 
-1 -1 -1 -1 -1 -1 -1 1 -1 -1 -1 -1 -1 -1 
-1 -1 -1 -1 -1 -1 -1 -1 3 -1 -1 -1 -1 -1 
-1 -1 -1 -1 -1 2 -1 -1 -1 -1 -1 -1 -1 -1 
-1 -1 -1 -1 -1 -1 3 3 3 -1 -1 -1 -1 -1 
-1 -1 -1 -1 -1 -1 -1 -1 -1 -1 2 -1 -1 -1 
-1 -1 -1 -1 -1 -1 -1 -1 -1 -1 -1 3 -1 -1 
-1 -1 -1 -1 -1 -1 -1 -1 -1 2 -1 -1 -1 -1 
-1 -1 -1 -1 -1 -1 -1 -1 -1 -1 3 2 -1 -1 
-1 -1 -1 -1 -1 -1 -1 -1 -1 -1 -1 -1 -1 1 
-1 -1 -1 -1 -1 -1 -1 -1 -1 -1 -1 -1 1 -1 
-1 -1 -1 -1 -1 -1 -1 -1 -1 -1 -1 -1 -1 1 
-1 -1 -1 -1 -1 -1 -1 -1 -1 -1 -1 -1 -1 -1 

26.0 26.0 23.0 15.0 
12.0 14.0 19.0 8.0 
25.0 18.0 29.0 12.0 
24.0 18.0 26.0 12.0 
14.0 18.0 16.0 9.0 
24.0 18.0 22.0 12.0 
15.0 18.0 12.0 8.0 
18.0 21.0 20.0 12.0 
16.0 17.0 19.0 10.0 
11.0 11.0 14.0 7.0 
15.0 19.0 16.0 10.0 
26.0 23.0 21.0 14.0 
12.0 16.0 12.0 8.0 
15.0 23.0 24.0 10.0 

0.00 1.01 0.94 1.28 
1.01 0.00 0.55 0.81 
0.94 0.55 0.00 1.41 
1.28 0.81 1.41 0.00 

0.0 3.0 4.0 3.0 
3.0 0.0 2.0 2.0 
4.0 2.0 0.0 4.0 
3.0 2.0 4.0 0.0 

30 16 24 24 18 24 16 24 20 14 20 28 16 20 

14 3 78

-1 2 3 2 1 -1 -1 -1 -1 -1 -1 -1 -1 -1 
-1 -1 -1 -1 -1 -1 1 -1 -1 -1 -1 -1 -1 -1 
-1 -1 -1 -1 -1 -1 -1 3 -1 -1 -1 -1 -1 -1 
-1 -1 -1 -1 -1 -1 -1 -1 1 -1 -1 -1 -1 -1 
-1 -1 -1 -1 -1 1 -1 -1 -1 -1 -1 -1 -1 -1 
-1 -1 -1 -1 -1 -1 1 1 1 -1 -1 -1 -1 -1 
-1 -1 -1 -1 -1 -1 -1 -1 -1 -1 1 -1 -1 -1 
-1 -1 -1 -1 -1 -1 -1 -1 -1 -1 -1 2 -1 -1 
-1 -1 -1 -1 -1 -1 -1 -1 -1 1 -1 -1 -1 -1 
-1 -1 -1 -1 -1 -1 -1 -1 -1 -1 2 1 -1 -1 
-1 -1 -1 -1 -1 -1 -1 -1 -1 -1 -1 -1 -1 1 
-1 -1 -1 -1 -1 -1 -1 -1 -1 -1 -1 -1 3 -1 
-1 -1 -1 -1 -1 -1 -1 -1 -1 -1 -1 -1 -1 1 
-1 -1 -1 -1 -1 -1 -1 -1 -1 -1 -1 -1 -1 -1 

23.0 20.0 20.0 13.0 
20.0 20.0 20.0 13.0 
16.0 14.0 16.0 9.0 
14.0 17.0 14.0 9.0 
14.0 15.0 14.0 9.0 
17.0 19.0 19.0 11.0 
22.0 23.0 19.0 12.0 
15.0 14.0 15.0 9.0 
20.0 19.0 22.0 12.0 
16.0 17.0 17.0 10.0 
22.0 24.0 20.0 13.0 
26.0 24.0 21.0 14.0 
17.0 20.0 21.0 11.0 
19.0 23.0 20.0 12.0 

0.00 0.88 0.93 0.86 
0.88 0.00 0.74 0.99 
0.93 0.74 0.00 0.60 
0.86 0.99 0.60 0.00 

0.0 4.0 4.0 3.0 
4.0 0.0 2.0 4.0 
4.0 2.0 0.0 2.0 
3.0 4.0 2.0 0.0 

26 26 18 18 18 22 24 18 24 20 26 28 22 24 

14 3 80

-1 1 2 2 2 -1 -1 -1 -1 -1 -1 -1 -1 -1 
-1 -1 -1 -1 -1 -1 1 -1 -1 -1 -1 -1 -1 -1 
-1 -1 -1 -1 -1 -1 -1 2 -1 -1 -1 -1 -1 -1 
-1 -1 -1 -1 -1 -1 -1 -1 1 -1 -1 -1 -1 -1 
-1 -1 -1 -1 -1 3 -1 -1 -1 -1 -1 -1 -1 -1 
-1 -1 -1 -1 -1 -1 1 3 1 -1 -1 -1 -1 -1 
-1 -1 -1 -1 -1 -1 -1 -1 -1 -1 2 -1 -1 -1 
-1 -1 -1 -1 -1 -1 -1 -1 -1 -1 -1 3 -1 -1 
-1 -1 -1 -1 -1 -1 -1 -1 -1 2 -1 -1 -1 -1 
-1 -1 -1 -1 -1 -1 -1 -1 -1 -1 2 3 -1 -1 
-1 -1 -1 -1 -1 -1 -1 -1 -1 -1 -1 -1 -1 3 
-1 -1 -1 -1 -1 -1 -1 -1 -1 -1 -1 -1 3 -1 
-1 -1 -1 -1 -1 -1 -1 -1 -1 -1 -1 -1 -1 3 
-1 -1 -1 -1 -1 -1 -1 -1 -1 -1 -1 -1 -1 -1 

18.0 20.0 18.0 12.0 
23.0 22.0 22.0 14.0 
19.0 19.0 18.0 12.0 
17.0 17.0 20.0 11.0 
21.0 17.0 21.0 11.0 
19.0 17.0 21.0 11.0 
25.0 24.0 22.0 14.0 
18.0 18.0 17.0 11.0 
17.0 15.0 17.0 10.0 
17.0 17.0 15.0 10.0 
17.0 17.0 17.0 11.0 
19.0 17.0 18.0 11.0 
21.0 21.0 23.0 14.0 
15.0 14.0 14.0 9.0 

0.00 0.88 0.93 0.86 
0.88 0.00 0.74 0.99 
0.93 0.74 0.00 0.60 
0.86 0.99 0.60 0.00 

0.0 4.0 4.0 3.0 
4.0 0.0 2.0 4.0 
4.0 2.0 0.0 2.0 
3.0 4.0 2.0 0.0 

24 28 24 22 22 22 28 22 20 20 22 22 28 18 

14 3 81

-1 1 2 2 2 -1 -1 -1 -1 -1 -1 -1 -1 -1 
-1 -1 -1 -1 -1 -1 2 -1 -1 -1 -1 -1 -1 -1 
-1 -1 -1 -1 -1 -1 -1 1 -1 -1 -1 -1 -1 -1 
-1 -1 -1 -1 -1 -1 -1 -1 3 -1 -1 -1 -1 -1 
-1 -1 -1 -1 -1 3 -1 -1 -1 -1 -1 -1 -1 -1 
-1 -1 -1 -1 -1 -1 1 3 3 -1 -1 -1 -1 -1 
-1 -1 -1 -1 -1 -1 -1 -1 -1 -1 1 -1 -1 -1 
-1 -1 -1 -1 -1 -1 -1 -1 -1 -1 -1 3 -1 -1 
-1 -1 -1 -1 -1 -1 -1 -1 -1 2 -1 -1 -1 -1 
-1 -1 -1 -1 -1 -1 -1 -1 -1 -1 3 3 -1 -1 
-1 -1 -1 -1 -1 -1 -1 -1 -1 -1 -1 -1 -1 1 
-1 -1 -1 -1 -1 -1 -1 -1 -1 -1 -1 -1 3 -1 
-1 -1 -1 -1 -1 -1 -1 -1 -1 -1 -1 -1 -1 3 
-1 -1 -1 -1 -1 -1 -1 -1 -1 -1 -1 -1 -1 -1 

13.0 14.0 13.0 8.0 
16.0 14.0 14.0 9.0 
15.0 13.0 14.0 8.0 
20.0 22.0 19.0 12.0 
24.0 22.0 23.0 14.0 
20.0 24.0 24.0 13.0 
18.0 19.0 19.0 12.0 
19.0 20.0 20.0 12.0 
17.0 19.0 19.0 11.0 
22.0 24.0 21.0 14.0 
23.0 21.0 19.0 12.0 
20.0 22.0 22.0 13.0 
24.0 25.0 25.0 16.0 
16.0 15.0 14.0 9.0 

0.00 0.88 0.93 0.86 
0.88 0.00 0.74 0.99 
0.93 0.74 0.00 0.60 
0.86 0.99 0.60 0.00 

0.0 4.0 4.0 3.0 
4.0 0.0 2.0 4.0 
4.0 2.0 0.0 2.0 
3.0 4.0 2.0 0.0 

16 18 16 24 28 26 24 24 22 28 24 26 32 18 

14 3 62

-1 3 1 3 1 -1 -1 -1 -1 -1 -1 -1 -1 -1 
-1 -1 -1 -1 -1 -1 1 -1 -1 -1 -1 -1 -1 -1 
-1 -1 -1 -1 -1 -1 -1 1 -1 -1 -1 -1 -1 -1 
-1 -1 -1 -1 -1 -1 -1 -1 1 -1 -1 -1 -1 -1 
-1 -1 -1 -1 -1 3 -1 -1 -1 -1 -1 -1 -1 -1 
-1 -1 -1 -1 -1 -1 1 3 1 -1 -1 -1 -1 -1 
-1 -1 -1 -1 -1 -1 -1 -1 -1 -1 1 -1 -1 -1 
-1 -1 -1 -1 -1 -1 -1 -1 -1 -1 -1 2 -1 -1 
-1 -1 -1 -1 -1 -1 -1 -1 -1 3 -1 -1 -1 -1 
-1 -1 -1 -1 -1 -1 -1 -1 -1 -1 2 2 -1 -1 
-1 -1 -1 -1 -1 -1 -1 -1 -1 -1 -1 -1 -1 3 
-1 -1 -1 -1 -1 -1 -1 -1 -1 -1 -1 -1 3 -1 
-1 -1 -1 -1 -1 -1 -1 -1 -1 -1 -1 -1 -1 3 
-1 -1 -1 -1 -1 -1 -1 -1 -1 -1 -1 -1 -1 -1 

14.0 15.0 11.0 7.0 
13.0 19.0 13.0 8.0 
13.0 13.0 24.0 8.0 
15.0 27.0 23.0 10.0 
16.0 16.0 17.0 10.0 
16.0 19.0 15.0 10.0 
18.0 16.0 22.0 10.0 
17.0 15.0 17.0 10.0 
21.0 13.0 17.0 8.0 
11.0 18.0 18.0 7.0 
13.0 15.0 11.0 7.0 
17.0 21.0 21.0 11.0 
23.0 18.0 16.0 10.0 
14.0 16.0 14.0 9.0 

0.00 0.59 0.78 0.61 
0.59 0.00 1.37 1.26 
0.78 1.37 0.00 0.65 
0.61 1.26 0.65 0.00 

0.0 2.0 2.0 3.0 
2.0 0.0 4.0 2.0 
2.0 4.0 0.0 3.0 
3.0 2.0 3.0 0.0 

14 16 16 20 20 20 20 20 16 14 14 22 20 18 

14 3 63

-1 1 3 2 1 -1 -1 -1 -1 -1 -1 -1 -1 -1 
-1 -1 -1 -1 -1 -1 1 -1 -1 -1 -1 -1 -1 -1 
-1 -1 -1 -1 -1 -1 -1 1 -1 -1 -1 -1 -1 -1 
-1 -1 -1 -1 -1 -1 -1 -1 3 -1 -1 -1 -1 -1 
-1 -1 -1 -1 -1 1 -1 -1 -1 -1 -1 -1 -1 -1 
-1 -1 -1 -1 -1 -1 2 1 3 -1 -1 -1 -1 -1 
-1 -1 -1 -1 -1 -1 -1 -1 -1 -1 1 -1 -1 -1 
-1 -1 -1 -1 -1 -1 -1 -1 -1 -1 -1 2 -1 -1 
-1 -1 -1 -1 -1 -1 -1 -1 -1 2 -1 -1 -1 -1 
-1 -1 -1 -1 -1 -1 -1 -1 -1 -1 1 3 -1 -1 
-1 -1 -1 -1 -1 -1 -1 -1 -1 -1 -1 -1 -1 2 
-1 -1 -1 -1 -1 -1 -1 -1 -1 -1 -1 -1 1 -1 
-1 -1 -1 -1 -1 -1 -1 -1 -1 -1 -1 -1 -1 2 
-1 -1 -1 -1 -1 -1 -1 -1 -1 -1 -1 -1 -1 -1 

19.0 13.0 22.0 8.0 
19.0 15.0 14.0 9.0 
16.0 12.0 9.0 6.0 
13.0 19.0 16.0 8.0 
13.0 12.0 17.0 8.0 
13.0 20.0 17.0 8.0 
19.0 26.0 15.0 10.0 
15.0 24.0 23.0 10.0 
31.0 17.0 24.0 11.0 
17.0 23.0 27.0 11.0 
21.0 24.0 28.0 14.0 
27.0 13.0 26.0 8.0 
18.0 12.0 17.0 8.0 
22.0 19.0 12.0 8.0 

0.00 0.59 0.78 0.61 
0.59 0.00 1.37 1.26 
0.78 1.37 0.00 0.65 
0.61 1.26 0.65 0.00 

0.0 2.0 2.0 3.0 
2.0 0.0 4.0 2.0 
2.0 4.0 0.0 3.0 
3.0 2.0 3.0 0.0 

16 18 12 16 16 16 20 20 22 22 28 16 16 16 

14 3 70

-1 1 1 1 2 -1 -1 -1 -1 -1 -1 -1 -1 -1 
-1 -1 -1 -1 -1 -1 3 -1 -1 -1 -1 -1 -1 -1 
-1 -1 -1 -1 -1 -1 -1 2 -1 -1 -1 -1 -1 -1 
-1 -1 -1 -1 -1 -1 -1 -1 1 -1 -1 -1 -1 -1 
-1 -1 -1 -1 -1 2 -1 -1 -1 -1 -1 -1 -1 -1 
-1 -1 -1 -1 -1 -1 3 3 3 -1 -1 -1 -1 -1 
-1 -1 -1 -1 -1 -1 -1 -1 -1 -1 3 -1 -1 -1 
-1 -1 -1 -1 -1 -1 -1 -1 -1 -1 -1 3 -1 -1 
-1 -1 -1 -1 -1 -1 -1 -1 -1 3 -1 -1 -1 -1 
-1 -1 -1 -1 -1 -1 -1 -1 -1 -1 3 1 -1 -1 
-1 -1 -1 -1 -1 -1 -1 -1 -1 -1 -1 -1 -1 3 
-1 -1 -1 -1 -1 -1 -1 -1 -1 -1 -1 -1 2 -1 
-1 -1 -1 -1 -1 -1 -1 -1 -1 -1 -1 -1 -1 3 
-1 -1 -1 -1 -1 -1 -1 -1 -1 -1 -1 -1 -1 -1 

15.0 14.0 18.0 9.0 
17.0 17.0 11.0 7.0 
26.0 19.0 19.0 12.0 
23.0 29.0 24.0 15.0 
18.0 16.0 16.0 10.0 
19.0 19.0 12.0 8.0 
22.0 26.0 25.0 14.0 
12.0 12.0 24.0 8.0 
13.0 10.0 12.0 6.0 
14.0 26.0 20.0 9.0 
21.0 22.0 24.0 14.0 
27.0 23.0 16.0 10.0 
13.0 19.0 11.0 7.0 
32.0 25.0 17.0 11.0 

0.00 0.59 0.78 0.61 
0.59 0.00 1.37 1.26 
0.78 1.37 0.00 0.65 
0.61 1.26 0.65 0.00 

0.0 2.0 2.0 3.0 
2.0 0.0 4.0 2.0 
2.0 4.0 0.0 3.0 
3.0 2.0 3.0 0.0 

18 14 24 30 20 16 28 16 12 18 28 20 14 22 

14 3 75

-1 20 32 28 17 -1 -1 -1 -1 -1 -1 -1 -1 -1 
-1 -1 -1 -1 -1 -1 39 -1 -1 -1 -1 -1 -1 -1 
-1 -1 -1 -1 -1 -1 -1 39 -1 -1 -1 -1 -1 -1 
-1 -1 -1 -1 -1 -1 -1 -1 21 -1 -1 -1 -1 -1 
-1 -1 -1 -1 -1 17 -1 -1 -1 -1 -1 -1 -1 -1 
-1 -1 -1 -1 -1 -1 25 23 22 -1 -1 -1 -1 -1 
-1 -1 -1 -1 -1 -1 -1 -1 -1 -1 17 -1 -1 -1 
-1 -1 -1 -1 -1 -1 -1 -1 -1 -1 -1 36 -1 -1 
-1 -1 -1 -1 -1 -1 -1 -1 -1 18 -1 -1 -1 -1 
-1 -1 -1 -1 -1 -1 -1 -1 -1 -1 39 25 -1 -1 
-1 -1 -1 -1 -1 -1 -1 -1 -1 -1 -1 -1 -1 29 
-1 -1 -1 -1 -1 -1 -1 -1 -1 -1 -1 -1 14 -1 
-1 -1 -1 -1 -1 -1 -1 -1 -1 -1 -1 -1 -1 22 
-1 -1 -1 -1 -1 -1 -1 -1 -1 -1 -1 -1 -1 -1 

13.0 13.0 18.0 8.0 
17.0 17.0 22.0 11.0 
19.0 18.0 16.0 10.0 
13.0 21.0 19.0 8.0 
18.0 20.0 18.0 12.0 
15.0 16.0 15.0 10.0 
14.0 17.0 19.0 9.0 
24.0 23.0 24.0 15.0 
17.0 13.0 17.0 8.0 
20.0 24.0 24.0 13.0 
19.0 29.0 26.0 12.0 
25.0 18.0 26.0 12.0 
16.0 20.0 20.0 10.0 
23.0 19.0 21.0 12.0 

0.00 0.76 0.80 0.90 
0.76 0.00 0.69 0.53 
0.80 0.69 0.00 0.74 
0.90 0.53 0.74 0.00 

0.0 2.0 3.0 3.0 
2.0 0.0 4.0 4.0 
3.0 4.0 0.0 3.0 
3.0 4.0 3.0 0.0 

16 22 20 16 24 20 18 30 16 26 24 24 20 24 

14 3 70

-1 17 29 24 17 -1 -1 -1 -1 -1 -1 -1 -1 -1 
-1 -1 -1 -1 -1 -1 35 -1 -1 -1 -1 -1 -1 -1 
-1 -1 -1 -1 -1 -1 -1 25 -1 -1 -1 -1 -1 -1 
-1 -1 -1 -1 -1 -1 -1 -1 23 -1 -1 -1 -1 -1 
-1 -1 -1 -1 -1 27 -1 -1 -1 -1 -1 -1 -1 -1 
-1 -1 -1 -1 -1 -1 39 37 15 -1 -1 -1 -1 -1 
-1 -1 -1 -1 -1 -1 -1 -1 -1 -1 31 -1 -1 -1 
-1 -1 -1 -1 -1 -1 -1 -1 -1 -1 -1 29 -1 -1 
-1 -1 -1 -1 -1 -1 -1 -1 -1 21 -1 -1 -1 -1 
-1 -1 -1 -1 -1 -1 -1 -1 -1 -1 34 13 -1 -1 
-1 -1 -1 -1 -1 -1 -1 -1 -1 -1 -1 -1 -1 24 
-1 -1 -1 -1 -1 -1 -1 -1 -1 -1 -1 -1 33 -1 
-1 -1 -1 -1 -1 -1 -1 -1 -1 -1 -1 -1 -1 20 
-1 -1 -1 -1 -1 -1 -1 -1 -1 -1 -1 -1 -1 -1 

26.0 19.0 22.0 12.0 
23.0 16.0 25.0 10.0 
12.0 17.0 13.0 8.0 
14.0 14.0 13.0 8.0 
24.0 15.0 20.0 10.0 
23.0 15.0 16.0 10.0 
18.0 18.0 24.0 12.0 
20.0 27.0 21.0 13.0 
14.0 14.0 17.0 9.0 
15.0 18.0 15.0 10.0 
13.0 13.0 14.0 8.0 
12.0 13.0 11.0 7.0 
22.0 20.0 24.0 13.0 
19.0 24.0 17.0 11.0 

0.00 0.76 0.80 0.90 
0.76 0.00 0.69 0.53 
0.80 0.69 0.00 0.74 
0.90 0.53 0.74 0.00 

0.0 2.0 3.0 3.0 
2.0 0.0 4.0 4.0 
3.0 4.0 0.0 3.0 
3.0 4.0 3.0 0.0 

24 20 16 16 20 20 24 26 18 20 16 14 26 22 

14 3 64

-1 31 22 13 35 -1 -1 -1 -1 -1 -1 -1 -1 -1 
-1 -1 -1 -1 -1 -1 13 -1 -1 -1 -1 -1 -1 -1 
-1 -1 -1 -1 -1 -1 -1 21 -1 -1 -1 -1 -1 -1 
-1 -1 -1 -1 -1 -1 -1 -1 38 -1 -1 -1 -1 -1 
-1 -1 -1 -1 -1 33 -1 -1 -1 -1 -1 -1 -1 -1 
-1 -1 -1 -1 -1 -1 33 24 32 -1 -1 -1 -1 -1 
-1 -1 -1 -1 -1 -1 -1 -1 -1 -1 32 -1 -1 -1 
-1 -1 -1 -1 -1 -1 -1 -1 -1 -1 -1 14 -1 -1 
-1 -1 -1 -1 -1 -1 -1 -1 -1 17 -1 -1 -1 -1 
-1 -1 -1 -1 -1 -1 -1 -1 -1 -1 25 30 -1 -1 
-1 -1 -1 -1 -1 -1 -1 -1 -1 -1 -1 -1 -1 21 
-1 -1 -1 -1 -1 -1 -1 -1 -1 -1 -1 -1 17 -1 
-1 -1 -1 -1 -1 -1 -1 -1 -1 -1 -1 -1 -1 23 
-1 -1 -1 -1 -1 -1 -1 -1 -1 -1 -1 -1 -1 -1 

11.0 11.0 16.0 7.0 
21.0 20.0 20.0 13.0 
13.0 16.0 19.0 8.0 
16.0 11.0 11.0 7.0 
15.0 12.0 15.0 8.0 
16.0 17.0 14.0 9.0 
18.0 17.0 15.0 10.0 
13.0 21.0 21.0 8.0 
19.0 22.0 19.0 12.0 
17.0 17.0 18.0 11.0 
18.0 13.0 15.0 8.0 
22.0 24.0 16.0 10.0 
15.0 12.0 16.0 8.0 
16.0 22.0 16.0 10.0 

0.00 0.76 0.80 0.90 
0.76 0.00 0.69 0.53 
0.80 0.69 0.00 0.74 
0.90 0.53 0.74 0.00 

0.0 2.0 3.0 3.0 
2.0 0.0 4.0 4.0 
3.0 4.0 0.0 3.0 
3.0 4.0 3.0 0.0 

14 26 16 14 16 18 20 16 24 22 16 20 16 20 

14 3 75

-1 31 37 22 20 -1 -1 -1 -1 -1 -1 -1 -1 -1 
-1 -1 -1 -1 -1 -1 25 -1 -1 -1 -1 -1 -1 -1 
-1 -1 -1 -1 -1 -1 -1 24 -1 -1 -1 -1 -1 -1 
-1 -1 -1 -1 -1 -1 -1 -1 38 -1 -1 -1 -1 -1 
-1 -1 -1 -1 -1 19 -1 -1 -1 -1 -1 -1 -1 -1 
-1 -1 -1 -1 -1 -1 29 26 38 -1 -1 -1 -1 -1 
-1 -1 -1 -1 -1 -1 -1 -1 -1 -1 21 -1 -1 -1 
-1 -1 -1 -1 -1 -1 -1 -1 -1 -1 -1 22 -1 -1 
-1 -1 -1 -1 -1 -1 -1 -1 -1 37 -1 -1 -1 -1 
-1 -1 -1 -1 -1 -1 -1 -1 -1 -1 19 30 -1 -1 
-1 -1 -1 -1 -1 -1 -1 -1 -1 -1 -1 -1 -1 19 
-1 -1 -1 -1 -1 -1 -1 -1 -1 -1 -1 -1 35 -1 
-1 -1 -1 -1 -1 -1 -1 -1 -1 -1 -1 -1 -1 39 
-1 -1 -1 -1 -1 -1 -1 -1 -1 -1 -1 -1 -1 -1 

19.0 19.0 16.0 10.0 
25.0 26.0 23.0 15.0 
22.0 21.0 23.0 14.0 
15.0 17.0 18.0 10.0 
17.0 17.0 17.0 11.0 
20.0 21.0 18.0 12.0 
19.0 19.0 18.0 12.0 
17.0 17.0 17.0 11.0 
16.0 18.0 15.0 10.0 
18.0 16.0 17.0 10.0 
18.0 16.0 17.0 10.0 
15.0 13.0 14.0 8.0 
15.0 14.0 15.0 9.0 
17.0 14.0 14.0 9.0 

0.00 0.70 1.16 1.10 
0.70 0.00 1.43 1.30 
1.16 1.43 0.00 0.75 
1.10 1.30 0.75 0.00 

0.0 2.0 2.0 4.0 
2.0 0.0 3.0 3.0 
2.0 3.0 0.0 4.0 
4.0 3.0 4.0 0.0 

20 30 28 20 22 24 24 22 20 20 20 16 18 18 

14 3 75

-1 34 26 24 24 -1 -1 -1 -1 -1 -1 -1 -1 -1 
-1 -1 -1 -1 -1 -1 33 -1 -1 -1 -1 -1 -1 -1 
-1 -1 -1 -1 -1 -1 -1 33 -1 -1 -1 -1 -1 -1 
-1 -1 -1 -1 -1 -1 -1 -1 23 -1 -1 -1 -1 -1 
-1 -1 -1 -1 -1 34 -1 -1 -1 -1 -1 -1 -1 -1 
-1 -1 -1 -1 -1 -1 20 24 29 -1 -1 -1 -1 -1 
-1 -1 -1 -1 -1 -1 -1 -1 -1 -1 27 -1 -1 -1 
-1 -1 -1 -1 -1 -1 -1 -1 -1 -1 -1 19 -1 -1 
-1 -1 -1 -1 -1 -1 -1 -1 -1 26 -1 -1 -1 -1 
-1 -1 -1 -1 -1 -1 -1 -1 -1 -1 16 14 -1 -1 
-1 -1 -1 -1 -1 -1 -1 -1 -1 -1 -1 -1 -1 38 
-1 -1 -1 -1 -1 -1 -1 -1 -1 -1 -1 -1 27 -1 
-1 -1 -1 -1 -1 -1 -1 -1 -1 -1 -1 -1 -1 30 
-1 -1 -1 -1 -1 -1 -1 -1 -1 -1 -1 -1 -1 -1 

18.0 18.0 18.0 12.0 
16.0 18.0 17.0 10.0 
19.0 23.0 19.0 12.0 
23.0 23.0 22.0 14.0 
14.0 15.0 14.0 9.0 
23.0 23.0 19.0 12.0 
20.0 22.0 22.0 13.0 
21.0 18.0 20.0 12.0 
15.0 17.0 15.0 10.0 
18.0 17.0 19.0 11.0 
15.0 14.0 14.0 9.0 
17.0 15.0 15.0 10.0 
13.0 14.0 14.0 8.0 
16.0 14.0 14.0 9.0 

0.00 0.70 1.16 1.10 
0.70 0.00 1.43 1.30 
1.16 1.43 0.00 0.75 
1.10 1.30 0.75 0.00 

0.0 2.0 2.0 4.0 
2.0 0.0 3.0 3.0 
2.0 3.0 0.0 4.0 
4.0 3.0 4.0 0.0 

24 20 24 28 18 24 26 24 20 22 18 20 16 18 

14 3 80

-1 35 25 21 38 -1 -1 -1 -1 -1 -1 -1 -1 -1 
-1 -1 -1 -1 -1 -1 15 -1 -1 -1 -1 -1 -1 -1 
-1 -1 -1 -1 -1 -1 -1 19 -1 -1 -1 -1 -1 -1 
-1 -1 -1 -1 -1 -1 -1 -1 35 -1 -1 -1 -1 -1 
-1 -1 -1 -1 -1 27 -1 -1 -1 -1 -1 -1 -1 -1 
-1 -1 -1 -1 -1 -1 27 27 18 -1 -1 -1 -1 -1 
-1 -1 -1 -1 -1 -1 -1 -1 -1 -1 34 -1 -1 -1 
-1 -1 -1 -1 -1 -1 -1 -1 -1 -1 -1 20 -1 -1 
-1 -1 -1 -1 -1 -1 -1 -1 -1 28 -1 -1 -1 -1 
-1 -1 -1 -1 -1 -1 -1 -1 -1 -1 36 20 -1 -1 
-1 -1 -1 -1 -1 -1 -1 -1 -1 -1 -1 -1 -1 31 
-1 -1 -1 -1 -1 -1 -1 -1 -1 -1 -1 -1 14 -1 
-1 -1 -1 -1 -1 -1 -1 -1 -1 -1 -1 -1 -1 18 
-1 -1 -1 -1 -1 -1 -1 -1 -1 -1 -1 -1 -1 -1 

16.0 17.0 16.0 10.0 
26.0 21.0 23.0 14.0 
18.0 18.0 16.0 10.0 
24.0 23.0 20.0 13.0 
13.0 13.0 15.0 8.0 
19.0 16.0 19.0 10.0 
22.0 23.0 24.0 14.0 
17.0 14.0 15.0 9.0 
16.0 16.0 17.0 10.0 
18.0 16.0 16.0 10.0 
23.0 26.0 24.0 15.0 
17.0 18.0 18.0 11.0 
21.0 21.0 19.0 12.0 
23.0 24.0 22.0 14.0 

0.00 0.70 1.16 1.10 
0.70 0.00 1.43 1.30 
1.16 1.43 0.00 0.75 
1.10 1.30 0.75 0.00 

0.0 2.0 2.0 4.0 
2.0 0.0 3.0 3.0 
2.0 3.0 0.0 4.0 
4.0 3.0 4.0 0.0 

20 28 20 26 16 20 28 18 20 20 30 22 24 28 

14 3 66

-1 25 14 31 26 -1 -1 -1 -1 -1 -1 -1 -1 -1 
-1 -1 -1 -1 -1 -1 23 -1 -1 -1 -1 -1 -1 -1 
-1 -1 -1 -1 -1 -1 -1 22 -1 -1 -1 -1 -1 -1 
-1 -1 -1 -1 -1 -1 -1 -1 15 -1 -1 -1 -1 -1 
-1 -1 -1 -1 -1 35 -1 -1 -1 -1 -1 -1 -1 -1 
-1 -1 -1 -1 -1 -1 17 32 31 -1 -1 -1 -1 -1 
-1 -1 -1 -1 -1 -1 -1 -1 -1 -1 29 -1 -1 -1 
-1 -1 -1 -1 -1 -1 -1 -1 -1 -1 -1 27 -1 -1 
-1 -1 -1 -1 -1 -1 -1 -1 -1 27 -1 -1 -1 -1 
-1 -1 -1 -1 -1 -1 -1 -1 -1 -1 15 28 -1 -1 
-1 -1 -1 -1 -1 -1 -1 -1 -1 -1 -1 -1 -1 32 
-1 -1 -1 -1 -1 -1 -1 -1 -1 -1 -1 -1 19 -1 
-1 -1 -1 -1 -1 -1 -1 -1 -1 -1 -1 -1 -1 32 
-1 -1 -1 -1 -1 -1 -1 -1 -1 -1 -1 -1 -1 -1 

19.0 10.0 10.0 6.0 
16.0 20.0 23.0 10.0 
17.0 21.0 14.0 9.0 
28.0 32.0 21.0 14.0 
9.0 15.0 10.0 6.0 
20.0 21.0 15.0 10.0 
23.0 23.0 21.0 14.0 
16.0 15.0 19.0 10.0 
18.0 16.0 11.0 7.0 
17.0 13.0 14.0 8.0 
24.0 16.0 28.0 10.0 
24.0 17.0 29.0 11.0 
15.0 13.0 18.0 8.0 
16.0 15.0 26.0 10.0 

0.00 0.51 1.09 1.04 
0.51 0.00 0.98 1.16 
1.09 0.98 0.00 1.11 
1.04 1.16 1.11 0.00 

0.0 2.0 2.0 3.0 
2.0 0.0 2.0 2.0 
2.0 2.0 0.0 2.0 
3.0 2.0 2.0 0.0 

12 20 18 28 12 20 28 20 14 16 20 22 16 20 

14 3 68

-1 34 35 37 16 -1 -1 -1 -1 -1 -1 -1 -1 -1 
-1 -1 -1 -1 -1 -1 14 -1 -1 -1 -1 -1 -1 -1 
-1 -1 -1 -1 -1 -1 -1 37 -1 -1 -1 -1 -1 -1 
-1 -1 -1 -1 -1 -1 -1 -1 25 -1 -1 -1 -1 -1 
-1 -1 -1 -1 -1 16 -1 -1 -1 -1 -1 -1 -1 -1 
-1 -1 -1 -1 -1 -1 35 38 33 -1 -1 -1 -1 -1 
-1 -1 -1 -1 -1 -1 -1 -1 -1 -1 22 -1 -1 -1 
-1 -1 -1 -1 -1 -1 -1 -1 -1 -1 -1 27 -1 -1 
-1 -1 -1 -1 -1 -1 -1 -1 -1 33 -1 -1 -1 -1 
-1 -1 -1 -1 -1 -1 -1 -1 -1 -1 22 29 -1 -1 
-1 -1 -1 -1 -1 -1 -1 -1 -1 -1 -1 -1 -1 20 
-1 -1 -1 -1 -1 -1 -1 -1 -1 -1 -1 -1 36 -1 
-1 -1 -1 -1 -1 -1 -1 -1 -1 -1 -1 -1 -1 35 
-1 -1 -1 -1 -1 -1 -1 -1 -1 -1 -1 -1 -1 -1 

19.0 32.0 16.0 10.0 
15.0 19.0 17.0 10.0 
19.0 10.0 9.0 6.0 
11.0 21.0 21.0 7.0 
25.0 20.0 16.0 10.0 
15.0 30.0 26.0 10.0 
16.0 18.0 18.0 10.0 
10.0 17.0 12.0 6.0 
12.0 12.0 18.0 8.0 
22.0 30.0 22.0 14.0 
29.0 24.0 27.0 16.0 
19.0 22.0 15.0 10.0 
17.0 16.0 24.0 10.0 
16.0 21.0 17.0 10.0 

0.00 0.51 1.09 1.04 
0.51 0.00 0.98 1.16 
1.09 0.98 0.00 1.11 
1.04 1.16 1.11 0.00 

0.0 2.0 2.0 3.0 
2.0 0.0 2.0 2.0 
2.0 2.0 0.0 2.0 
3.0 2.0 2.0 0.0 

20 20 12 14 20 20 20 12 16 28 32 20 20 20 

14 3 66

-1 26 30 27 32 -1 -1 -1 -1 -1 -1 -1 -1 -1 
-1 -1 -1 -1 -1 -1 17 -1 -1 -1 -1 -1 -1 -1 
-1 -1 -1 -1 -1 -1 -1 17 -1 -1 -1 -1 -1 -1 
-1 -1 -1 -1 -1 -1 -1 -1 15 -1 -1 -1 -1 -1 
-1 -1 -1 -1 -1 17 -1 -1 -1 -1 -1 -1 -1 -1 
-1 -1 -1 -1 -1 -1 24 22 29 -1 -1 -1 -1 -1 
-1 -1 -1 -1 -1 -1 -1 -1 -1 -1 21 -1 -1 -1 
-1 -1 -1 -1 -1 -1 -1 -1 -1 -1 -1 22 -1 -1 
-1 -1 -1 -1 -1 -1 -1 -1 -1 16 -1 -1 -1 -1 
-1 -1 -1 -1 -1 -1 -1 -1 -1 -1 37 29 -1 -1 
-1 -1 -1 -1 -1 -1 -1 -1 -1 -1 -1 -1 -1 32 
-1 -1 -1 -1 -1 -1 -1 -1 -1 -1 -1 -1 30 -1 
-1 -1 -1 -1 -1 -1 -1 -1 -1 -1 -1 -1 -1 13 
-1 -1 -1 -1 -1 -1 -1 -1 -1 -1 -1 -1 -1 -1 

27.0 21.0 27.0 14.0 
20.0 24.0 14.0 9.0 
12.0 17.0 21.0 8.0 
27.0 23.0 18.0 12.0 
12.0 12.0 14.0 8.0 
11.0 10.0 11.0 6.0 
19.0 15.0 13.0 8.0 
14.0 16.0 16.0 9.0 
15.0 19.0 12.0 8.0 
19.0 17.0 24.0 11.0 
14.0 27.0 20.0 9.0 
14.0 12.0 12.0 8.0 
21.0 18.0 23.0 12.0 
26.0 16.0 16.0 10.0 

0.00 0.51 1.09 1.04 
0.51 0.00 0.98 1.16 
1.09 0.98 0.00 1.11 
1.04 1.16 1.11 0.00 

0.0 2.0 2.0 3.0 
2.0 0.0 2.0 2.0 
2.0 2.0 0.0 2.0 
3.0 2.0 2.0 0.0 

28 18 16 24 16 12 16 18 16 22 18 16 24 20 

