20 3 106

-1 19 19 19 9 16 -1 -1 -1 -1 -1 -1 -1 -1 -1 -1 -1 -1 -1 -1 
-1 -1 -1 -1 -1 -1 -1 7 -1 -1 -1 -1 -1 -1 -1 -1 -1 -1 -1 -1 
-1 -1 -1 -1 -1 -1 -1 -1 21 -1 -1 -1 -1 -1 -1 -1 -1 -1 -1 -1 
-1 -1 -1 -1 -1 -1 -1 -1 -1 16 -1 -1 -1 -1 -1 -1 -1 -1 -1 -1 
-1 -1 -1 -1 -1 -1 -1 -1 -1 -1 18 -1 -1 -1 -1 -1 -1 -1 -1 -1 
-1 -1 -1 -1 -1 -1 17 -1 -1 -1 -1 -1 -1 -1 -1 -1 -1 -1 -1 -1 
-1 -1 -1 -1 -1 -1 -1 10 21 9 19 -1 -1 -1 -1 -1 -1 -1 -1 -1 
-1 -1 -1 -1 -1 -1 -1 -1 -1 -1 -1 -1 7 -1 -1 -1 -1 -1 -1 -1 
-1 -1 -1 -1 -1 -1 -1 -1 -1 -1 -1 -1 -1 9 -1 -1 -1 -1 -1 -1 
-1 -1 -1 -1 -1 -1 -1 -1 -1 -1 -1 -1 -1 -1 21 -1 -1 -1 -1 -1 
-1 -1 -1 -1 -1 -1 -1 -1 -1 -1 -1 9 -1 -1 -1 -1 -1 -1 -1 -1 
-1 -1 -1 -1 -1 -1 -1 -1 -1 -1 -1 -1 8 18 21 -1 -1 -1 -1 -1 
-1 -1 -1 -1 -1 -1 -1 -1 -1 -1 -1 -1 -1 -1 -1 -1 11 -1 -1 -1 
-1 -1 -1 -1 -1 -1 -1 -1 -1 -1 -1 -1 -1 -1 -1 -1 -1 20 -1 -1 
-1 -1 -1 -1 -1 -1 -1 -1 -1 -1 -1 -1 -1 -1 -1 18 -1 -1 -1 -1 
-1 -1 -1 -1 -1 -1 -1 -1 -1 -1 -1 -1 -1 -1 -1 -1 15 18 -1 -1 
-1 -1 -1 -1 -1 -1 -1 -1 -1 -1 -1 -1 -1 -1 -1 -1 -1 -1 -1 17 
-1 -1 -1 -1 -1 -1 -1 -1 -1 -1 -1 -1 -1 -1 -1 -1 -1 -1 19 -1 
-1 -1 -1 -1 -1 -1 -1 -1 -1 -1 -1 -1 -1 -1 -1 -1 -1 -1 -1 8 
-1 -1 -1 -1 -1 -1 -1 -1 -1 -1 -1 -1 -1 -1 -1 -1 -1 -1 -1 -1 

25.0 24.0 17.0 11.0 
15.0 17.0 15.0 10.0 
14.0 13.0 15.0 8.0 
16.0 17.0 17.0 10.0 
21.0 19.0 14.0 9.0 
25.0 26.0 25.0 16.0 
15.0 17.0 22.0 10.0 
16.0 15.0 13.0 8.0 
26.0 16.0 16.0 10.0 
18.0 19.0 23.0 12.0 
24.0 22.0 16.0 10.0 
24.0 22.0 16.0 10.0 
23.0 18.0 19.0 12.0 
12.0 19.0 19.0 8.0 
15.0 19.0 22.0 10.0 
21.0 19.0 20.0 12.0 
20.0 20.0 22.0 13.0 
18.0 13.0 19.0 8.0 
22.0 21.0 26.0 14.0 
23.0 21.0 17.0 11.0 

0.00 1.23 0.69 0.88 
1.23 0.00 1.20 1.36 
0.69 1.20 0.00 1.06 
0.88 1.36 1.06 0.00 

0.0 2.0 2.0 3.0 
2.0 0.0 3.0 3.0 
2.0 3.0 0.0 3.0 
3.0 3.0 3.0 0.0 

22 20 16 20 18 32 20 16 20 24 20 20 24 16 20 24 26 16 28 22 

20 3 101

-1 7 14 21 20 21 -1 -1 -1 -1 -1 -1 -1 -1 -1 -1 -1 -1 -1 -1 
-1 -1 -1 -1 -1 -1 -1 13 -1 -1 -1 -1 -1 -1 -1 -1 -1 -1 -1 -1 
-1 -1 -1 -1 -1 -1 -1 -1 15 -1 -1 -1 -1 -1 -1 -1 -1 -1 -1 -1 
-1 -1 -1 -1 -1 -1 -1 -1 -1 8 -1 -1 -1 -1 -1 -1 -1 -1 -1 -1 
-1 -1 -1 -1 -1 -1 -1 -1 -1 -1 8 -1 -1 -1 -1 -1 -1 -1 -1 -1 
-1 -1 -1 -1 -1 -1 12 -1 -1 -1 -1 -1 -1 -1 -1 -1 -1 -1 -1 -1 
-1 -1 -1 -1 -1 -1 -1 15 18 8 13 -1 -1 -1 -1 -1 -1 -1 -1 -1 
-1 -1 -1 -1 -1 -1 -1 -1 -1 -1 -1 -1 19 -1 -1 -1 -1 -1 -1 -1 
-1 -1 -1 -1 -1 -1 -1 -1 -1 -1 -1 -1 -1 18 -1 -1 -1 -1 -1 -1 
-1 -1 -1 -1 -1 -1 -1 -1 -1 -1 -1 -1 -1 -1 20 -1 -1 -1 -1 -1 
-1 -1 -1 -1 -1 -1 -1 -1 -1 -1 -1 12 -1 -1 -1 -1 -1 -1 -1 -1 
-1 -1 -1 -1 -1 -1 -1 -1 -1 -1 -1 -1 13 10 7 -1 -1 -1 -1 -1 
-1 -1 -1 -1 -1 -1 -1 -1 -1 -1 -1 -1 -1 -1 -1 -1 19 -1 -1 -1 
-1 -1 -1 -1 -1 -1 -1 -1 -1 -1 -1 -1 -1 -1 -1 -1 -1 15 -1 -1 
-1 -1 -1 -1 -1 -1 -1 -1 -1 -1 -1 -1 -1 -1 -1 8 -1 -1 -1 -1 
-1 -1 -1 -1 -1 -1 -1 -1 -1 -1 -1 -1 -1 -1 -1 -1 12 9 -1 -1 
-1 -1 -1 -1 -1 -1 -1 -1 -1 -1 -1 -1 -1 -1 -1 -1 -1 -1 -1 20 
-1 -1 -1 -1 -1 -1 -1 -1 -1 -1 -1 -1 -1 -1 -1 -1 -1 -1 7 -1 
-1 -1 -1 -1 -1 -1 -1 -1 -1 -1 -1 -1 -1 -1 -1 -1 -1 -1 -1 7 
-1 -1 -1 -1 -1 -1 -1 -1 -1 -1 -1 -1 -1 -1 -1 -1 -1 -1 -1 -1 

14.0 14.0 16.0 9.0 
21.0 26.0 24.0 14.0 
19.0 18.0 22.0 12.0 
16.0 15.0 14.0 9.0 
22.0 16.0 17.0 10.0 
27.0 22.0 22.0 14.0 
18.0 14.0 17.0 9.0 
16.0 14.0 13.0 8.0 
16.0 25.0 23.0 10.0 
18.0 15.0 15.0 10.0 
26.0 17.0 18.0 11.0 
18.0 20.0 16.0 10.0 
24.0 18.0 22.0 12.0 
24.0 21.0 22.0 14.0 
13.0 12.0 12.0 8.0 
13.0 19.0 13.0 8.0 
12.0 18.0 19.0 8.0 
16.0 16.0 22.0 10.0 
17.0 13.0 13.0 8.0 
14.0 19.0 13.0 8.0 

0.00 1.23 0.69 0.88 
1.23 0.00 1.20 1.36 
0.69 1.20 0.00 1.06 
0.88 1.36 1.06 0.00 

0.0 2.0 2.0 3.0 
2.0 0.0 3.0 3.0 
2.0 3.0 0.0 3.0 
3.0 3.0 3.0 0.0 

18 28 24 18 20 28 18 16 20 20 22 20 24 28 16 16 16 20 16 16 

20 3 106

-1 7 18 14 18 9 -1 -1 -1 -1 -1 -1 -1 -1 -1 -1 -1 -1 -1 -1 
-1 -1 -1 -1 -1 -1 -1 8 -1 -1 -1 -1 -1 -1 -1 -1 -1 -1 -1 -1 
-1 -1 -1 -1 -1 -1 -1 -1 10 -1 -1 -1 -1 -1 -1 -1 -1 -1 -1 -1 
-1 -1 -1 -1 -1 -1 -1 -1 -1 18 -1 -1 -1 -1 -1 -1 -1 -1 -1 -1 
-1 -1 -1 -1 -1 -1 -1 -1 -1 -1 8 -1 -1 -1 -1 -1 -1 -1 -1 -1 
-1 -1 -1 -1 -1 -1 10 -1 -1 -1 -1 -1 -1 -1 -1 -1 -1 -1 -1 -1 
-1 -1 -1 -1 -1 -1 -1 15 11 12 8 -1 -1 -1 -1 -1 -1 -1 -1 -1 
-1 -1 -1 -1 -1 -1 -1 -1 -1 -1 -1 -1 16 -1 -1 -1 -1 -1 -1 -1 
-1 -1 -1 -1 -1 -1 -1 -1 -1 -1 -1 -1 -1 13 -1 -1 -1 -1 -1 -1 
-1 -1 -1 -1 -1 -1 -1 -1 -1 -1 -1 -1 -1 -1 20 -1 -1 -1 -1 -1 
-1 -1 -1 -1 -1 -1 -1 -1 -1 -1 -1 21 -1 -1 -1 -1 -1 -1 -1 -1 
-1 -1 -1 -1 -1 -1 -1 -1 -1 -1 -1 -1 9 16 9 -1 -1 -1 -1 -1 
-1 -1 -1 -1 -1 -1 -1 -1 -1 -1 -1 -1 -1 -1 -1 -1 16 -1 -1 -1 
-1 -1 -1 -1 -1 -1 -1 -1 -1 -1 -1 -1 -1 -1 -1 -1 -1 14 -1 -1 
-1 -1 -1 -1 -1 -1 -1 -1 -1 -1 -1 -1 -1 -1 -1 20 -1 -1 -1 -1 
-1 -1 -1 -1 -1 -1 -1 -1 -1 -1 -1 -1 -1 -1 -1 -1 14 15 -1 -1 
-1 -1 -1 -1 -1 -1 -1 -1 -1 -1 -1 -1 -1 -1 -1 -1 -1 -1 -1 13 
-1 -1 -1 -1 -1 -1 -1 -1 -1 -1 -1 -1 -1 -1 -1 -1 -1 -1 9 -1 
-1 -1 -1 -1 -1 -1 -1 -1 -1 -1 -1 -1 -1 -1 -1 -1 -1 -1 -1 18 
-1 -1 -1 -1 -1 -1 -1 -1 -1 -1 -1 -1 -1 -1 -1 -1 -1 -1 -1 -1 

18.0 17.0 17.0 11.0 
20.0 15.0 17.0 10.0 
14.0 13.0 19.0 8.0 
23.0 25.0 26.0 15.0 
17.0 14.0 14.0 9.0 
22.0 18.0 27.0 12.0 
21.0 14.0 14.0 9.0 
18.0 24.0 17.0 11.0 
22.0 22.0 14.0 9.0 
21.0 22.0 24.0 14.0 
24.0 15.0 23.0 10.0 
15.0 16.0 15.0 10.0 
23.0 18.0 22.0 12.0 
15.0 15.0 22.0 10.0 
18.0 17.0 19.0 11.0 
12.0 12.0 16.0 8.0 
24.0 22.0 22.0 14.0 
21.0 13.0 14.0 8.0 
18.0 15.0 15.0 10.0 
19.0 29.0 19.0 12.0 

0.00 1.23 0.69 0.88 
1.23 0.00 1.20 1.36 
0.69 1.20 0.00 1.06 
0.88 1.36 1.06 0.00 

0.0 2.0 2.0 3.0 
2.0 0.0 3.0 3.0 
2.0 3.0 0.0 3.0 
3.0 3.0 3.0 0.0 

22 20 16 30 18 24 18 22 18 28 20 20 24 20 22 16 28 16 20 24 

20 3 115

-1 15 18 15 10 7 -1 -1 -1 -1 -1 -1 -1 -1 -1 -1 -1 -1 -1 -1 
-1 -1 -1 -1 -1 -1 -1 21 -1 -1 -1 -1 -1 -1 -1 -1 -1 -1 -1 -1 
-1 -1 -1 -1 -1 -1 -1 -1 16 -1 -1 -1 -1 -1 -1 -1 -1 -1 -1 -1 
-1 -1 -1 -1 -1 -1 -1 -1 -1 12 -1 -1 -1 -1 -1 -1 -1 -1 -1 -1 
-1 -1 -1 -1 -1 -1 -1 -1 -1 -1 9 -1 -1 -1 -1 -1 -1 -1 -1 -1 
-1 -1 -1 -1 -1 -1 8 -1 -1 -1 -1 -1 -1 -1 -1 -1 -1 -1 -1 -1 
-1 -1 -1 -1 -1 -1 -1 8 12 8 19 -1 -1 -1 -1 -1 -1 -1 -1 -1 
-1 -1 -1 -1 -1 -1 -1 -1 -1 -1 -1 -1 10 -1 -1 -1 -1 -1 -1 -1 
-1 -1 -1 -1 -1 -1 -1 -1 -1 -1 -1 -1 -1 18 -1 -1 -1 -1 -1 -1 
-1 -1 -1 -1 -1 -1 -1 -1 -1 -1 -1 -1 -1 -1 8 -1 -1 -1 -1 -1 
-1 -1 -1 -1 -1 -1 -1 -1 -1 -1 -1 18 -1 -1 -1 -1 -1 -1 -1 -1 
-1 -1 -1 -1 -1 -1 -1 -1 -1 -1 -1 -1 8 20 13 -1 -1 -1 -1 -1 
-1 -1 -1 -1 -1 -1 -1 -1 -1 -1 -1 -1 -1 -1 -1 -1 21 -1 -1 -1 
-1 -1 -1 -1 -1 -1 -1 -1 -1 -1 -1 -1 -1 -1 -1 -1 -1 8 -1 -1 
-1 -1 -1 -1 -1 -1 -1 -1 -1 -1 -1 -1 -1 -1 -1 13 -1 -1 -1 -1 
-1 -1 -1 -1 -1 -1 -1 -1 -1 -1 -1 -1 -1 -1 -1 -1 10 20 -1 -1 
-1 -1 -1 -1 -1 -1 -1 -1 -1 -1 -1 -1 -1 -1 -1 -1 -1 -1 -1 11 
-1 -1 -1 -1 -1 -1 -1 -1 -1 -1 -1 -1 -1 -1 -1 -1 -1 -1 19 -1 
-1 -1 -1 -1 -1 -1 -1 -1 -1 -1 -1 -1 -1 -1 -1 -1 -1 -1 -1 20 
-1 -1 -1 -1 -1 -1 -1 -1 -1 -1 -1 -1 -1 -1 -1 -1 -1 -1 -1 -1 

19.0 21.0 21.0 12.0 
16.0 15.0 18.0 10.0 
23.0 21.0 23.0 14.0 
15.0 14.0 14.0 9.0 
21.0 22.0 18.0 12.0 
18.0 19.0 17.0 11.0 
18.0 19.0 19.0 12.0 
24.0 25.0 26.0 16.0 
21.0 22.0 20.0 13.0 
22.0 21.0 23.0 14.0 
15.0 13.0 14.0 8.0 
19.0 21.0 17.0 11.0 
20.0 20.0 22.0 13.0 
17.0 16.0 16.0 10.0 
15.0 16.0 16.0 10.0 
15.0 15.0 17.0 10.0 
20.0 22.0 20.0 13.0 
17.0 17.0 16.0 10.0 
22.0 22.0 19.0 12.0 
16.0 15.0 17.0 10.0 

0.00 1.36 1.38 1.07 
1.36 0.00 0.61 1.04 
1.38 0.61 0.00 1.42 
1.07 1.04 1.42 0.00 

0.0 3.0 4.0 4.0 
3.0 0.0 2.0 2.0 
4.0 2.0 0.0 2.0 
4.0 2.0 2.0 0.0 

24 20 28 18 24 22 24 32 26 28 16 22 26 20 20 20 26 20 24 20 

20 3 117

-1 8 13 21 16 18 -1 -1 -1 -1 -1 -1 -1 -1 -1 -1 -1 -1 -1 -1 
-1 -1 -1 -1 -1 -1 -1 9 -1 -1 -1 -1 -1 -1 -1 -1 -1 -1 -1 -1 
-1 -1 -1 -1 -1 -1 -1 -1 20 -1 -1 -1 -1 -1 -1 -1 -1 -1 -1 -1 
-1 -1 -1 -1 -1 -1 -1 -1 -1 9 -1 -1 -1 -1 -1 -1 -1 -1 -1 -1 
-1 -1 -1 -1 -1 -1 -1 -1 -1 -1 10 -1 -1 -1 -1 -1 -1 -1 -1 -1 
-1 -1 -1 -1 -1 -1 8 -1 -1 -1 -1 -1 -1 -1 -1 -1 -1 -1 -1 -1 
-1 -1 -1 -1 -1 -1 -1 10 9 19 17 -1 -1 -1 -1 -1 -1 -1 -1 -1 
-1 -1 -1 -1 -1 -1 -1 -1 -1 -1 -1 -1 19 -1 -1 -1 -1 -1 -1 -1 
-1 -1 -1 -1 -1 -1 -1 -1 -1 -1 -1 -1 -1 7 -1 -1 -1 -1 -1 -1 
-1 -1 -1 -1 -1 -1 -1 -1 -1 -1 -1 -1 -1 -1 13 -1 -1 -1 -1 -1 
-1 -1 -1 -1 -1 -1 -1 -1 -1 -1 -1 8 -1 -1 -1 -1 -1 -1 -1 -1 
-1 -1 -1 -1 -1 -1 -1 -1 -1 -1 -1 -1 17 15 14 -1 -1 -1 -1 -1 
-1 -1 -1 -1 -1 -1 -1 -1 -1 -1 -1 -1 -1 -1 -1 -1 17 -1 -1 -1 
-1 -1 -1 -1 -1 -1 -1 -1 -1 -1 -1 -1 -1 -1 -1 -1 -1 10 -1 -1 
-1 -1 -1 -1 -1 -1 -1 -1 -1 -1 -1 -1 -1 -1 -1 8 -1 -1 -1 -1 
-1 -1 -1 -1 -1 -1 -1 -1 -1 -1 -1 -1 -1 -1 -1 -1 14 15 -1 -1 
-1 -1 -1 -1 -1 -1 -1 -1 -1 -1 -1 -1 -1 -1 -1 -1 -1 -1 -1 11 
-1 -1 -1 -1 -1 -1 -1 -1 -1 -1 -1 -1 -1 -1 -1 -1 -1 -1 8 -1 
-1 -1 -1 -1 -1 -1 -1 -1 -1 -1 -1 -1 -1 -1 -1 -1 -1 -1 -1 16 
-1 -1 -1 -1 -1 -1 -1 -1 -1 -1 -1 -1 -1 -1 -1 -1 -1 -1 -1 -1 

19.0 19.0 19.0 12.0 
16.0 14.0 14.0 9.0 
20.0 24.0 20.0 13.0 
21.0 18.0 19.0 12.0 
24.0 25.0 23.0 15.0 
22.0 19.0 23.0 12.0 
16.0 14.0 16.0 9.0 
15.0 17.0 16.0 10.0 
22.0 21.0 23.0 14.0 
21.0 23.0 21.0 14.0 
20.0 21.0 23.0 13.0 
14.0 16.0 17.0 9.0 
26.0 21.0 21.0 14.0 
15.0 15.0 16.0 10.0 
19.0 18.0 21.0 12.0 
26.0 23.0 24.0 15.0 
13.0 15.0 13.0 8.0 
18.0 17.0 19.0 11.0 
17.0 17.0 16.0 10.0 
19.0 23.0 22.0 12.0 

0.00 1.36 1.38 1.07 
1.36 0.00 0.61 1.04 
1.38 0.61 0.00 1.42 
1.07 1.04 1.42 0.00 

0.0 3.0 4.0 4.0 
3.0 0.0 2.0 2.0 
4.0 2.0 0.0 2.0 
4.0 2.0 2.0 0.0 

24 18 26 24 30 24 18 20 28 28 26 18 28 20 24 30 16 22 20 24 

20 3 111

-1 11 8 8 14 16 -1 -1 -1 -1 -1 -1 -1 -1 -1 -1 -1 -1 -1 -1 
-1 -1 -1 -1 -1 -1 -1 8 -1 -1 -1 -1 -1 -1 -1 -1 -1 -1 -1 -1 
-1 -1 -1 -1 -1 -1 -1 -1 18 -1 -1 -1 -1 -1 -1 -1 -1 -1 -1 -1 
-1 -1 -1 -1 -1 -1 -1 -1 -1 7 -1 -1 -1 -1 -1 -1 -1 -1 -1 -1 
-1 -1 -1 -1 -1 -1 -1 -1 -1 -1 13 -1 -1 -1 -1 -1 -1 -1 -1 -1 
-1 -1 -1 -1 -1 -1 10 -1 -1 -1 -1 -1 -1 -1 -1 -1 -1 -1 -1 -1 
-1 -1 -1 -1 -1 -1 -1 16 12 15 14 -1 -1 -1 -1 -1 -1 -1 -1 -1 
-1 -1 -1 -1 -1 -1 -1 -1 -1 -1 -1 -1 18 -1 -1 -1 -1 -1 -1 -1 
-1 -1 -1 -1 -1 -1 -1 -1 -1 -1 -1 -1 -1 14 -1 -1 -1 -1 -1 -1 
-1 -1 -1 -1 -1 -1 -1 -1 -1 -1 -1 -1 -1 -1 20 -1 -1 -1 -1 -1 
-1 -1 -1 -1 -1 -1 -1 -1 -1 -1 -1 15 -1 -1 -1 -1 -1 -1 -1 -1 
-1 -1 -1 -1 -1 -1 -1 -1 -1 -1 -1 -1 10 14 17 -1 -1 -1 -1 -1 
-1 -1 -1 -1 -1 -1 -1 -1 -1 -1 -1 -1 -1 -1 -1 -1 15 -1 -1 -1 
-1 -1 -1 -1 -1 -1 -1 -1 -1 -1 -1 -1 -1 -1 -1 -1 -1 14 -1 -1 
-1 -1 -1 -1 -1 -1 -1 -1 -1 -1 -1 -1 -1 -1 -1 9 -1 -1 -1 -1 
-1 -1 -1 -1 -1 -1 -1 -1 -1 -1 -1 -1 -1 -1 -1 -1 13 18 -1 -1 
-1 -1 -1 -1 -1 -1 -1 -1 -1 -1 -1 -1 -1 -1 -1 -1 -1 -1 -1 11 
-1 -1 -1 -1 -1 -1 -1 -1 -1 -1 -1 -1 -1 -1 -1 -1 -1 -1 10 -1 
-1 -1 -1 -1 -1 -1 -1 -1 -1 -1 -1 -1 -1 -1 -1 -1 -1 -1 -1 18 
-1 -1 -1 -1 -1 -1 -1 -1 -1 -1 -1 -1 -1 -1 -1 -1 -1 -1 -1 -1 

17.0 17.0 17.0 11.0 
17.0 17.0 18.0 11.0 
24.0 24.0 26.0 16.0 
17.0 14.0 17.0 9.0 
16.0 16.0 14.0 9.0 
20.0 24.0 22.0 13.0 
15.0 17.0 14.0 9.0 
20.0 21.0 23.0 13.0 
17.0 18.0 17.0 11.0 
15.0 17.0 16.0 10.0 
17.0 15.0 17.0 10.0 
14.0 14.0 14.0 9.0 
17.0 18.0 16.0 10.0 
23.0 23.0 24.0 15.0 
22.0 22.0 20.0 13.0 
18.0 21.0 17.0 11.0 
24.0 22.0 24.0 14.0 
17.0 16.0 17.0 10.0 
15.0 14.0 17.0 9.0 
15.0 17.0 16.0 10.0 

0.00 1.36 1.38 1.07 
1.36 0.00 0.61 1.04 
1.38 0.61 0.00 1.42 
1.07 1.04 1.42 0.00 

0.0 3.0 4.0 4.0 
3.0 0.0 2.0 2.0 
4.0 2.0 0.0 2.0 
4.0 2.0 2.0 0.0 

22 22 32 18 18 26 18 26 22 20 20 18 20 30 26 22 28 20 18 20 

20 3 94

-1 9 9 18 8 19 -1 -1 -1 -1 -1 -1 -1 -1 -1 -1 -1 -1 -1 -1 
-1 -1 -1 -1 -1 -1 -1 12 -1 -1 -1 -1 -1 -1 -1 -1 -1 -1 -1 -1 
-1 -1 -1 -1 -1 -1 -1 -1 8 -1 -1 -1 -1 -1 -1 -1 -1 -1 -1 -1 
-1 -1 -1 -1 -1 -1 -1 -1 -1 19 -1 -1 -1 -1 -1 -1 -1 -1 -1 -1 
-1 -1 -1 -1 -1 -1 -1 -1 -1 -1 17 -1 -1 -1 -1 -1 -1 -1 -1 -1 
-1 -1 -1 -1 -1 -1 13 -1 -1 -1 -1 -1 -1 -1 -1 -1 -1 -1 -1 -1 
-1 -1 -1 -1 -1 -1 -1 7 18 14 8 -1 -1 -1 -1 -1 -1 -1 -1 -1 
-1 -1 -1 -1 -1 -1 -1 -1 -1 -1 -1 -1 8 -1 -1 -1 -1 -1 -1 -1 
-1 -1 -1 -1 -1 -1 -1 -1 -1 -1 -1 -1 -1 21 -1 -1 -1 -1 -1 -1 
-1 -1 -1 -1 -1 -1 -1 -1 -1 -1 -1 -1 -1 -1 9 -1 -1 -1 -1 -1 
-1 -1 -1 -1 -1 -1 -1 -1 -1 -1 -1 17 -1 -1 -1 -1 -1 -1 -1 -1 
-1 -1 -1 -1 -1 -1 -1 -1 -1 -1 -1 -1 20 11 21 -1 -1 -1 -1 -1 
-1 -1 -1 -1 -1 -1 -1 -1 -1 -1 -1 -1 -1 -1 -1 -1 13 -1 -1 -1 
-1 -1 -1 -1 -1 -1 -1 -1 -1 -1 -1 -1 -1 -1 -1 -1 -1 13 -1 -1 
-1 -1 -1 -1 -1 -1 -1 -1 -1 -1 -1 -1 -1 -1 -1 14 -1 -1 -1 -1 
-1 -1 -1 -1 -1 -1 -1 -1 -1 -1 -1 -1 -1 -1 -1 -1 14 7 -1 -1 
-1 -1 -1 -1 -1 -1 -1 -1 -1 -1 -1 -1 -1 -1 -1 -1 -1 -1 -1 18 
-1 -1 -1 -1 -1 -1 -1 -1 -1 -1 -1 -1 -1 -1 -1 -1 -1 -1 10 -1 
-1 -1 -1 -1 -1 -1 -1 -1 -1 -1 -1 -1 -1 -1 -1 -1 -1 -1 -1 13 
-1 -1 -1 -1 -1 -1 -1 -1 -1 -1 -1 -1 -1 -1 -1 -1 -1 -1 -1 -1 

17.0 18.0 10.0 6.0 
21.0 16.0 27.0 10.0 
9.0 11.0 13.0 6.0 
18.0 27.0 19.0 12.0 
26.0 24.0 26.0 16.0 
17.0 19.0 11.0 7.0 
29.0 27.0 15.0 10.0 
16.0 15.0 17.0 10.0 
14.0 14.0 23.0 9.0 
18.0 13.0 18.0 8.0 
15.0 25.0 30.0 10.0 
21.0 16.0 16.0 10.0 
28.0 22.0 21.0 14.0 
12.0 22.0 18.0 8.0 
14.0 21.0 19.0 9.0 
9.0 10.0 10.0 6.0 
17.0 15.0 20.0 10.0 
11.0 13.0 16.0 7.0 
31.0 20.0 18.0 12.0 
14.0 14.0 13.0 8.0 

0.00 1.48 1.14 1.42 
1.48 0.00 0.64 1.00 
1.14 0.64 0.00 1.14 
1.42 1.00 1.14 0.00 

0.0 4.0 3.0 2.0 
4.0 0.0 4.0 2.0 
3.0 4.0 0.0 3.0 
2.0 2.0 3.0 0.0 

12 20 12 24 32 14 20 20 18 16 20 20 28 16 18 12 20 14 24 16 

20 3 98

-1 16 10 15 15 18 -1 -1 -1 -1 -1 -1 -1 -1 -1 -1 -1 -1 -1 -1 
-1 -1 -1 -1 -1 -1 -1 10 -1 -1 -1 -1 -1 -1 -1 -1 -1 -1 -1 -1 
-1 -1 -1 -1 -1 -1 -1 -1 14 -1 -1 -1 -1 -1 -1 -1 -1 -1 -1 -1 
-1 -1 -1 -1 -1 -1 -1 -1 -1 12 -1 -1 -1 -1 -1 -1 -1 -1 -1 -1 
-1 -1 -1 -1 -1 -1 -1 -1 -1 -1 9 -1 -1 -1 -1 -1 -1 -1 -1 -1 
-1 -1 -1 -1 -1 -1 19 -1 -1 -1 -1 -1 -1 -1 -1 -1 -1 -1 -1 -1 
-1 -1 -1 -1 -1 -1 -1 14 12 19 9 -1 -1 -1 -1 -1 -1 -1 -1 -1 
-1 -1 -1 -1 -1 -1 -1 -1 -1 -1 -1 -1 17 -1 -1 -1 -1 -1 -1 -1 
-1 -1 -1 -1 -1 -1 -1 -1 -1 -1 -1 -1 -1 17 -1 -1 -1 -1 -1 -1 
-1 -1 -1 -1 -1 -1 -1 -1 -1 -1 -1 -1 -1 -1 13 -1 -1 -1 -1 -1 
-1 -1 -1 -1 -1 -1 -1 -1 -1 -1 -1 18 -1 -1 -1 -1 -1 -1 -1 -1 
-1 -1 -1 -1 -1 -1 -1 -1 -1 -1 -1 -1 17 19 21 -1 -1 -1 -1 -1 
-1 -1 -1 -1 -1 -1 -1 -1 -1 -1 -1 -1 -1 -1 -1 -1 12 -1 -1 -1 
-1 -1 -1 -1 -1 -1 -1 -1 -1 -1 -1 -1 -1 -1 -1 -1 -1 9 -1 -1 
-1 -1 -1 -1 -1 -1 -1 -1 -1 -1 -1 -1 -1 -1 -1 7 -1 -1 -1 -1 
-1 -1 -1 -1 -1 -1 -1 -1 -1 -1 -1 -1 -1 -1 -1 -1 10 9 -1 -1 
-1 -1 -1 -1 -1 -1 -1 -1 -1 -1 -1 -1 -1 -1 -1 -1 -1 -1 -1 13 
-1 -1 -1 -1 -1 -1 -1 -1 -1 -1 -1 -1 -1 -1 -1 -1 -1 -1 19 -1 
-1 -1 -1 -1 -1 -1 -1 -1 -1 -1 -1 -1 -1 -1 -1 -1 -1 -1 -1 19 
-1 -1 -1 -1 -1 -1 -1 -1 -1 -1 -1 -1 -1 -1 -1 -1 -1 -1 -1 -1 

18.0 21.0 15.0 10.0 
21.0 21.0 12.0 8.0 
20.0 15.0 14.0 9.0 
26.0 26.0 20.0 13.0 
19.0 20.0 20.0 12.0 
16.0 11.0 21.0 7.0 
18.0 24.0 12.0 8.0 
16.0 19.0 16.0 10.0 
16.0 28.0 21.0 10.0 
19.0 25.0 12.0 8.0 
19.0 9.0 16.0 6.0 
22.0 22.0 15.0 10.0 
15.0 18.0 11.0 7.0 
13.0 12.0 10.0 6.0 
29.0 25.0 26.0 16.0 
27.0 20.0 27.0 13.0 
21.0 14.0 16.0 9.0 
23.0 18.0 23.0 12.0 
14.0 14.0 15.0 9.0 
28.0 26.0 22.0 14.0 

0.00 1.48 1.14 1.42 
1.48 0.00 0.64 1.00 
1.14 0.64 0.00 1.14 
1.42 1.00 1.14 0.00 

0.0 4.0 3.0 2.0 
4.0 0.0 4.0 2.0 
3.0 4.0 0.0 3.0 
2.0 2.0 3.0 0.0 

20 16 18 26 24 14 16 20 20 16 12 20 14 12 32 26 18 24 18 28 

20 3 88

-1 10 15 16 10 13 -1 -1 -1 -1 -1 -1 -1 -1 -1 -1 -1 -1 -1 -1 
-1 -1 -1 -1 -1 -1 -1 15 -1 -1 -1 -1 -1 -1 -1 -1 -1 -1 -1 -1 
-1 -1 -1 -1 -1 -1 -1 -1 13 -1 -1 -1 -1 -1 -1 -1 -1 -1 -1 -1 
-1 -1 -1 -1 -1 -1 -1 -1 -1 21 -1 -1 -1 -1 -1 -1 -1 -1 -1 -1 
-1 -1 -1 -1 -1 -1 -1 -1 -1 -1 8 -1 -1 -1 -1 -1 -1 -1 -1 -1 
-1 -1 -1 -1 -1 -1 10 -1 -1 -1 -1 -1 -1 -1 -1 -1 -1 -1 -1 -1 
-1 -1 -1 -1 -1 -1 -1 13 11 20 14 -1 -1 -1 -1 -1 -1 -1 -1 -1 
-1 -1 -1 -1 -1 -1 -1 -1 -1 -1 -1 -1 14 -1 -1 -1 -1 -1 -1 -1 
-1 -1 -1 -1 -1 -1 -1 -1 -1 -1 -1 -1 -1 9 -1 -1 -1 -1 -1 -1 
-1 -1 -1 -1 -1 -1 -1 -1 -1 -1 -1 -1 -1 -1 9 -1 -1 -1 -1 -1 
-1 -1 -1 -1 -1 -1 -1 -1 -1 -1 -1 20 -1 -1 -1 -1 -1 -1 -1 -1 
-1 -1 -1 -1 -1 -1 -1 -1 -1 -1 -1 -1 13 10 8 -1 -1 -1 -1 -1 
-1 -1 -1 -1 -1 -1 -1 -1 -1 -1 -1 -1 -1 -1 -1 -1 12 -1 -1 -1 
-1 -1 -1 -1 -1 -1 -1 -1 -1 -1 -1 -1 -1 -1 -1 -1 -1 7 -1 -1 
-1 -1 -1 -1 -1 -1 -1 -1 -1 -1 -1 -1 -1 -1 -1 13 -1 -1 -1 -1 
-1 -1 -1 -1 -1 -1 -1 -1 -1 -1 -1 -1 -1 -1 -1 -1 9 21 -1 -1 
-1 -1 -1 -1 -1 -1 -1 -1 -1 -1 -1 -1 -1 -1 -1 -1 -1 -1 -1 17 
-1 -1 -1 -1 -1 -1 -1 -1 -1 -1 -1 -1 -1 -1 -1 -1 -1 -1 15 -1 
-1 -1 -1 -1 -1 -1 -1 -1 -1 -1 -1 -1 -1 -1 -1 -1 -1 -1 -1 15 
-1 -1 -1 -1 -1 -1 -1 -1 -1 -1 -1 -1 -1 -1 -1 -1 -1 -1 -1 -1 

21.0 28.0 21.0 14.0 
12.0 21.0 15.0 8.0 
19.0 14.0 21.0 9.0 
19.0 28.0 21.0 12.0 
28.0 15.0 20.0 10.0 
14.0 19.0 14.0 9.0 
11.0 18.0 13.0 7.0 
16.0 16.0 19.0 10.0 
19.0 18.0 21.0 12.0 
20.0 10.0 13.0 6.0 
20.0 16.0 11.0 7.0 
12.0 12.0 17.0 8.0 
17.0 23.0 18.0 11.0 
24.0 16.0 25.0 10.0 
12.0 10.0 15.0 6.0 
10.0 13.0 18.0 6.0 
14.0 19.0 17.0 9.0 
17.0 15.0 11.0 7.0 
11.0 13.0 11.0 7.0 
20.0 17.0 14.0 9.0 

0.00 1.48 1.14 1.42 
1.48 0.00 0.64 1.00 
1.14 0.64 0.00 1.14 
1.42 1.00 1.14 0.00 

0.0 4.0 3.0 2.0 
4.0 0.0 4.0 2.0 
3.0 4.0 0.0 3.0 
2.0 2.0 3.0 0.0 

28 16 18 24 20 18 14 20 24 12 14 16 22 20 12 12 18 14 14 18 

20 3 104

-1 1 3 1 1 2 -1 -1 -1 -1 -1 -1 -1 -1 -1 -1 -1 -1 -1 -1 
-1 -1 -1 -1 -1 -1 -1 3 -1 -1 -1 -1 -1 -1 -1 -1 -1 -1 -1 -1 
-1 -1 -1 -1 -1 -1 -1 -1 1 -1 -1 -1 -1 -1 -1 -1 -1 -1 -1 -1 
-1 -1 -1 -1 -1 -1 -1 -1 -1 3 -1 -1 -1 -1 -1 -1 -1 -1 -1 -1 
-1 -1 -1 -1 -1 -1 -1 -1 -1 -1 1 -1 -1 -1 -1 -1 -1 -1 -1 -1 
-1 -1 -1 -1 -1 -1 3 -1 -1 -1 -1 -1 -1 -1 -1 -1 -1 -1 -1 -1 
-1 -1 -1 -1 -1 -1 -1 3 1 1 2 -1 -1 -1 -1 -1 -1 -1 -1 -1 
-1 -1 -1 -1 -1 -1 -1 -1 -1 -1 -1 -1 2 -1 -1 -1 -1 -1 -1 -1 
-1 -1 -1 -1 -1 -1 -1 -1 -1 -1 -1 -1 -1 2 -1 -1 -1 -1 -1 -1 
-1 -1 -1 -1 -1 -1 -1 -1 -1 -1 -1 -1 -1 -1 1 -1 -1 -1 -1 -1 
-1 -1 -1 -1 -1 -1 -1 -1 -1 -1 -1 2 -1 -1 -1 -1 -1 -1 -1 -1 
-1 -1 -1 -1 -1 -1 -1 -1 -1 -1 -1 -1 1 3 1 -1 -1 -1 -1 -1 
-1 -1 -1 -1 -1 -1 -1 -1 -1 -1 -1 -1 -1 -1 -1 -1 3 -1 -1 -1 
-1 -1 -1 -1 -1 -1 -1 -1 -1 -1 -1 -1 -1 -1 -1 -1 -1 1 -1 -1 
-1 -1 -1 -1 -1 -1 -1 -1 -1 -1 -1 -1 -1 -1 -1 2 -1 -1 -1 -1 
-1 -1 -1 -1 -1 -1 -1 -1 -1 -1 -1 -1 -1 -1 -1 -1 3 2 -1 -1 
-1 -1 -1 -1 -1 -1 -1 -1 -1 -1 -1 -1 -1 -1 -1 -1 -1 -1 -1 2 
-1 -1 -1 -1 -1 -1 -1 -1 -1 -1 -1 -1 -1 -1 -1 -1 -1 -1 3 -1 
-1 -1 -1 -1 -1 -1 -1 -1 -1 -1 -1 -1 -1 -1 -1 -1 -1 -1 -1 3 
-1 -1 -1 -1 -1 -1 -1 -1 -1 -1 -1 -1 -1 -1 -1 -1 -1 -1 -1 -1 

26.0 24.0 21.0 14.0 
25.0 17.0 27.0 11.0 
18.0 13.0 16.0 8.0 
16.0 18.0 15.0 10.0 
18.0 20.0 19.0 12.0 
16.0 17.0 14.0 9.0 
16.0 11.0 15.0 7.0 
14.0 17.0 19.0 9.0 
24.0 25.0 21.0 14.0 
20.0 26.0 26.0 13.0 
15.0 13.0 19.0 8.0 
14.0 17.0 13.0 8.0 
21.0 24.0 17.0 11.0 
16.0 15.0 16.0 10.0 
22.0 17.0 21.0 11.0 
20.0 22.0 17.0 11.0 
23.0 17.0 21.0 11.0 
16.0 22.0 20.0 10.0 
25.0 21.0 18.0 12.0 
18.0 15.0 14.0 9.0 

0.00 0.75 1.36 0.80 
0.75 0.00 0.74 1.31 
1.36 0.74 0.00 1.37 
0.80 1.31 1.37 0.00 

0.0 2.0 4.0 4.0 
2.0 0.0 3.0 3.0 
4.0 3.0 0.0 2.0 
4.0 3.0 2.0 0.0 

28 22 16 20 24 18 14 18 28 26 16 16 22 20 22 22 22 20 24 18 

20 3 99

-1 1 2 3 2 1 -1 -1 -1 -1 -1 -1 -1 -1 -1 -1 -1 -1 -1 -1 
-1 -1 -1 -1 -1 -1 -1 2 -1 -1 -1 -1 -1 -1 -1 -1 -1 -1 -1 -1 
-1 -1 -1 -1 -1 -1 -1 -1 3 -1 -1 -1 -1 -1 -1 -1 -1 -1 -1 -1 
-1 -1 -1 -1 -1 -1 -1 -1 -1 1 -1 -1 -1 -1 -1 -1 -1 -1 -1 -1 
-1 -1 -1 -1 -1 -1 -1 -1 -1 -1 2 -1 -1 -1 -1 -1 -1 -1 -1 -1 
-1 -1 -1 -1 -1 -1 3 -1 -1 -1 -1 -1 -1 -1 -1 -1 -1 -1 -1 -1 
-1 -1 -1 -1 -1 -1 -1 2 1 2 3 -1 -1 -1 -1 -1 -1 -1 -1 -1 
-1 -1 -1 -1 -1 -1 -1 -1 -1 -1 -1 -1 1 -1 -1 -1 -1 -1 -1 -1 
-1 -1 -1 -1 -1 -1 -1 -1 -1 -1 -1 -1 -1 2 -1 -1 -1 -1 -1 -1 
-1 -1 -1 -1 -1 -1 -1 -1 -1 -1 -1 -1 -1 -1 2 -1 -1 -1 -1 -1 
-1 -1 -1 -1 -1 -1 -1 -1 -1 -1 -1 3 -1 -1 -1 -1 -1 -1 -1 -1 
-1 -1 -1 -1 -1 -1 -1 -1 -1 -1 -1 -1 2 2 3 -1 -1 -1 -1 -1 
-1 -1 -1 -1 -1 -1 -1 -1 -1 -1 -1 -1 -1 -1 -1 -1 1 -1 -1 -1 
-1 -1 -1 -1 -1 -1 -1 -1 -1 -1 -1 -1 -1 -1 -1 -1 -1 2 -1 -1 
-1 -1 -1 -1 -1 -1 -1 -1 -1 -1 -1 -1 -1 -1 -1 2 -1 -1 -1 -1 
-1 -1 -1 -1 -1 -1 -1 -1 -1 -1 -1 -1 -1 -1 -1 -1 3 3 -1 -1 
-1 -1 -1 -1 -1 -1 -1 -1 -1 -1 -1 -1 -1 -1 -1 -1 -1 -1 -1 1 
-1 -1 -1 -1 -1 -1 -1 -1 -1 -1 -1 -1 -1 -1 -1 -1 -1 -1 1 -1 
-1 -1 -1 -1 -1 -1 -1 -1 -1 -1 -1 -1 -1 -1 -1 -1 -1 -1 -1 1 
-1 -1 -1 -1 -1 -1 -1 -1 -1 -1 -1 -1 -1 -1 -1 -1 -1 -1 -1 -1 

16.0 15.0 15.0 10.0 
19.0 21.0 18.0 12.0 
16.0 16.0 20.0 10.0 
22.0 24.0 24.0 14.0 
27.0 22.0 28.0 14.0 
16.0 14.0 12.0 8.0 
11.0 15.0 13.0 7.0 
19.0 12.0 19.0 8.0 
20.0 17.0 18.0 11.0 
13.0 16.0 13.0 8.0 
23.0 27.0 27.0 15.0 
13.0 13.0 13.0 8.0 
16.0 14.0 17.0 9.0 
14.0 17.0 16.0 9.0 
20.0 21.0 23.0 13.0 
19.0 12.0 14.0 8.0 
19.0 16.0 13.0 8.0 
16.0 17.0 21.0 10.0 
13.0 13.0 19.0 8.0 
15.0 17.0 13.0 8.0 

0.00 0.75 1.36 0.80 
0.75 0.00 0.74 1.31 
1.36 0.74 0.00 1.37 
0.80 1.31 1.37 0.00 

0.0 2.0 4.0 4.0 
2.0 0.0 3.0 3.0 
4.0 3.0 0.0 2.0 
4.0 3.0 2.0 0.0 

20 24 20 28 28 16 14 16 22 16 30 16 18 18 26 16 16 20 16 16 

20 3 98

-1 1 3 1 3 1 -1 -1 -1 -1 -1 -1 -1 -1 -1 -1 -1 -1 -1 -1 
-1 -1 -1 -1 -1 -1 -1 1 -1 -1 -1 -1 -1 -1 -1 -1 -1 -1 -1 -1 
-1 -1 -1 -1 -1 -1 -1 -1 1 -1 -1 -1 -1 -1 -1 -1 -1 -1 -1 -1 
-1 -1 -1 -1 -1 -1 -1 -1 -1 2 -1 -1 -1 -1 -1 -1 -1 -1 -1 -1 
-1 -1 -1 -1 -1 -1 -1 -1 -1 -1 2 -1 -1 -1 -1 -1 -1 -1 -1 -1 
-1 -1 -1 -1 -1 -1 1 -1 -1 -1 -1 -1 -1 -1 -1 -1 -1 -1 -1 -1 
-1 -1 -1 -1 -1 -1 -1 1 2 1 1 -1 -1 -1 -1 -1 -1 -1 -1 -1 
-1 -1 -1 -1 -1 -1 -1 -1 -1 -1 -1 -1 3 -1 -1 -1 -1 -1 -1 -1 
-1 -1 -1 -1 -1 -1 -1 -1 -1 -1 -1 -1 -1 1 -1 -1 -1 -1 -1 -1 
-1 -1 -1 -1 -1 -1 -1 -1 -1 -1 -1 -1 -1 -1 2 -1 -1 -1 -1 -1 
-1 -1 -1 -1 -1 -1 -1 -1 -1 -1 -1 2 -1 -1 -1 -1 -1 -1 -1 -1 
-1 -1 -1 -1 -1 -1 -1 -1 -1 -1 -1 -1 2 1 3 -1 -1 -1 -1 -1 
-1 -1 -1 -1 -1 -1 -1 -1 -1 -1 -1 -1 -1 -1 -1 -1 2 -1 -1 -1 
-1 -1 -1 -1 -1 -1 -1 -1 -1 -1 -1 -1 -1 -1 -1 -1 -1 1 -1 -1 
-1 -1 -1 -1 -1 -1 -1 -1 -1 -1 -1 -1 -1 -1 -1 3 -1 -1 -1 -1 
-1 -1 -1 -1 -1 -1 -1 -1 -1 -1 -1 -1 -1 -1 -1 -1 2 1 -1 -1 
-1 -1 -1 -1 -1 -1 -1 -1 -1 -1 -1 -1 -1 -1 -1 -1 -1 -1 -1 2 
-1 -1 -1 -1 -1 -1 -1 -1 -1 -1 -1 -1 -1 -1 -1 -1 -1 -1 3 -1 
-1 -1 -1 -1 -1 -1 -1 -1 -1 -1 -1 -1 -1 -1 -1 -1 -1 -1 -1 3 
-1 -1 -1 -1 -1 -1 -1 -1 -1 -1 -1 -1 -1 -1 -1 -1 -1 -1 -1 -1 

19.0 25.0 21.0 12.0 
17.0 15.0 14.0 9.0 
21.0 22.0 17.0 11.0 
15.0 18.0 13.0 8.0 
18.0 23.0 18.0 12.0 
17.0 16.0 16.0 10.0 
17.0 11.0 11.0 7.0 
19.0 16.0 17.0 10.0 
15.0 12.0 19.0 8.0 
11.0 14.0 17.0 7.0 
18.0 13.0 18.0 8.0 
20.0 19.0 21.0 12.0 
15.0 13.0 13.0 8.0 
17.0 19.0 18.0 11.0 
18.0 14.0 12.0 8.0 
17.0 15.0 14.0 9.0 
21.0 22.0 19.0 12.0 
15.0 18.0 21.0 10.0 
27.0 22.0 18.0 12.0 
19.0 23.0 19.0 12.0 

0.00 0.75 1.36 0.80 
0.75 0.00 0.74 1.31 
1.36 0.74 0.00 1.37 
0.80 1.31 1.37 0.00 

0.0 2.0 4.0 4.0 
2.0 0.0 3.0 3.0 
4.0 3.0 0.0 2.0 
4.0 3.0 2.0 0.0 

24 18 22 16 24 20 14 20 16 14 16 24 16 22 16 18 24 20 24 24 

20 3 117

-1 1 3 2 3 2 -1 -1 -1 -1 -1 -1 -1 -1 -1 -1 -1 -1 -1 -1 
-1 -1 -1 -1 -1 -1 -1 1 -1 -1 -1 -1 -1 -1 -1 -1 -1 -1 -1 -1 
-1 -1 -1 -1 -1 -1 -1 -1 1 -1 -1 -1 -1 -1 -1 -1 -1 -1 -1 -1 
-1 -1 -1 -1 -1 -1 -1 -1 -1 1 -1 -1 -1 -1 -1 -1 -1 -1 -1 -1 
-1 -1 -1 -1 -1 -1 -1 -1 -1 -1 3 -1 -1 -1 -1 -1 -1 -1 -1 -1 
-1 -1 -1 -1 -1 -1 1 -1 -1 -1 -1 -1 -1 -1 -1 -1 -1 -1 -1 -1 
-1 -1 -1 -1 -1 -1 -1 2 3 3 2 -1 -1 -1 -1 -1 -1 -1 -1 -1 
-1 -1 -1 -1 -1 -1 -1 -1 -1 -1 -1 -1 1 -1 -1 -1 -1 -1 -1 -1 
-1 -1 -1 -1 -1 -1 -1 -1 -1 -1 -1 -1 -1 1 -1 -1 -1 -1 -1 -1 
-1 -1 -1 -1 -1 -1 -1 -1 -1 -1 -1 -1 -1 -1 3 -1 -1 -1 -1 -1 
-1 -1 -1 -1 -1 -1 -1 -1 -1 -1 -1 3 -1 -1 -1 -1 -1 -1 -1 -1 
-1 -1 -1 -1 -1 -1 -1 -1 -1 -1 -1 -1 3 1 1 -1 -1 -1 -1 -1 
-1 -1 -1 -1 -1 -1 -1 -1 -1 -1 -1 -1 -1 -1 -1 -1 2 -1 -1 -1 
-1 -1 -1 -1 -1 -1 -1 -1 -1 -1 -1 -1 -1 -1 -1 -1 -1 2 -1 -1 
-1 -1 -1 -1 -1 -1 -1 -1 -1 -1 -1 -1 -1 -1 -1 1 -1 -1 -1 -1 
-1 -1 -1 -1 -1 -1 -1 -1 -1 -1 -1 -1 -1 -1 -1 -1 3 3 -1 -1 
-1 -1 -1 -1 -1 -1 -1 -1 -1 -1 -1 -1 -1 -1 -1 -1 -1 -1 -1 3 
-1 -1 -1 -1 -1 -1 -1 -1 -1 -1 -1 -1 -1 -1 -1 -1 -1 -1 3 -1 
-1 -1 -1 -1 -1 -1 -1 -1 -1 -1 -1 -1 -1 -1 -1 -1 -1 -1 -1 1 
-1 -1 -1 -1 -1 -1 -1 -1 -1 -1 -1 -1 -1 -1 -1 -1 -1 -1 -1 -1 

19.0 16.0 18.0 10.0 
17.0 19.0 18.0 11.0 
21.0 23.0 22.0 14.0 
21.0 18.0 19.0 12.0 
24.0 21.0 21.0 14.0 
19.0 18.0 19.0 12.0 
22.0 23.0 23.0 14.0 
16.0 16.0 15.0 10.0 
17.0 15.0 17.0 10.0 
19.0 20.0 20.0 12.0 
17.0 20.0 17.0 11.0 
18.0 21.0 20.0 12.0 
17.0 17.0 15.0 10.0 
18.0 18.0 19.0 12.0 
16.0 16.0 14.0 9.0 
23.0 21.0 24.0 14.0 
25.0 25.0 24.0 16.0 
14.0 14.0 17.0 9.0 
19.0 19.0 19.0 12.0 
17.0 17.0 16.0 10.0 

0.00 0.92 1.06 1.17 
0.92 0.00 1.18 1.18 
1.06 1.18 0.00 0.74 
1.17 1.18 0.74 0.00 

0.0 3.0 2.0 3.0 
3.0 0.0 4.0 4.0 
2.0 4.0 0.0 4.0 
3.0 4.0 4.0 0.0 

20 22 28 24 28 24 28 20 20 24 22 24 20 24 18 28 32 18 24 20 

20 3 114

-1 2 1 3 1 2 -1 -1 -1 -1 -1 -1 -1 -1 -1 -1 -1 -1 -1 -1 
-1 -1 -1 -1 -1 -1 -1 1 -1 -1 -1 -1 -1 -1 -1 -1 -1 -1 -1 -1 
-1 -1 -1 -1 -1 -1 -1 -1 2 -1 -1 -1 -1 -1 -1 -1 -1 -1 -1 -1 
-1 -1 -1 -1 -1 -1 -1 -1 -1 2 -1 -1 -1 -1 -1 -1 -1 -1 -1 -1 
-1 -1 -1 -1 -1 -1 -1 -1 -1 -1 3 -1 -1 -1 -1 -1 -1 -1 -1 -1 
-1 -1 -1 -1 -1 -1 1 -1 -1 -1 -1 -1 -1 -1 -1 -1 -1 -1 -1 -1 
-1 -1 -1 -1 -1 -1 -1 2 3 1 2 -1 -1 -1 -1 -1 -1 -1 -1 -1 
-1 -1 -1 -1 -1 -1 -1 -1 -1 -1 -1 -1 2 -1 -1 -1 -1 -1 -1 -1 
-1 -1 -1 -1 -1 -1 -1 -1 -1 -1 -1 -1 -1 1 -1 -1 -1 -1 -1 -1 
-1 -1 -1 -1 -1 -1 -1 -1 -1 -1 -1 -1 -1 -1 3 -1 -1 -1 -1 -1 
-1 -1 -1 -1 -1 -1 -1 -1 -1 -1 -1 3 -1 -1 -1 -1 -1 -1 -1 -1 
-1 -1 -1 -1 -1 -1 -1 -1 -1 -1 -1 -1 3 2 3 -1 -1 -1 -1 -1 
-1 -1 -1 -1 -1 -1 -1 -1 -1 -1 -1 -1 -1 -1 -1 -1 2 -1 -1 -1 
-1 -1 -1 -1 -1 -1 -1 -1 -1 -1 -1 -1 -1 -1 -1 -1 -1 1 -1 -1 
-1 -1 -1 -1 -1 -1 -1 -1 -1 -1 -1 -1 -1 -1 -1 3 -1 -1 -1 -1 
-1 -1 -1 -1 -1 -1 -1 -1 -1 -1 -1 -1 -1 -1 -1 -1 2 2 -1 -1 
-1 -1 -1 -1 -1 -1 -1 -1 -1 -1 -1 -1 -1 -1 -1 -1 -1 -1 -1 3 
-1 -1 -1 -1 -1 -1 -1 -1 -1 -1 -1 -1 -1 -1 -1 -1 -1 -1 3 -1 
-1 -1 -1 -1 -1 -1 -1 -1 -1 -1 -1 -1 -1 -1 -1 -1 -1 -1 -1 2 
-1 -1 -1 -1 -1 -1 -1 -1 -1 -1 -1 -1 -1 -1 -1 -1 -1 -1 -1 -1 

17.0 14.0 16.0 9.0 
22.0 19.0 23.0 12.0 
21.0 21.0 25.0 14.0 
24.0 21.0 21.0 14.0 
15.0 15.0 16.0 10.0 
20.0 19.0 18.0 12.0 
21.0 19.0 19.0 12.0 
20.0 23.0 23.0 13.0 
21.0 20.0 19.0 12.0 
15.0 17.0 17.0 10.0 
13.0 15.0 14.0 8.0 
16.0 16.0 17.0 10.0 
26.0 26.0 26.0 17.0 
14.0 15.0 14.0 9.0 
15.0 13.0 13.0 8.0 
23.0 23.0 21.0 14.0 
19.0 22.0 21.0 12.0 
17.0 16.0 15.0 10.0 
17.0 18.0 18.0 11.0 
17.0 18.0 17.0 11.0 

0.00 0.92 1.06 1.17 
0.92 0.00 1.18 1.18 
1.06 1.18 0.00 0.74 
1.17 1.18 0.74 0.00 

0.0 3.0 2.0 3.0 
3.0 0.0 4.0 4.0 
2.0 4.0 0.0 4.0 
3.0 4.0 4.0 0.0 

18 24 28 28 20 24 24 26 24 20 16 20 34 18 16 28 24 20 22 22 

20 3 105

-1 1 2 1 1 2 -1 -1 -1 -1 -1 -1 -1 -1 -1 -1 -1 -1 -1 -1 
-1 -1 -1 -1 -1 -1 -1 2 -1 -1 -1 -1 -1 -1 -1 -1 -1 -1 -1 -1 
-1 -1 -1 -1 -1 -1 -1 -1 3 -1 -1 -1 -1 -1 -1 -1 -1 -1 -1 -1 
-1 -1 -1 -1 -1 -1 -1 -1 -1 2 -1 -1 -1 -1 -1 -1 -1 -1 -1 -1 
-1 -1 -1 -1 -1 -1 -1 -1 -1 -1 3 -1 -1 -1 -1 -1 -1 -1 -1 -1 
-1 -1 -1 -1 -1 -1 2 -1 -1 -1 -1 -1 -1 -1 -1 -1 -1 -1 -1 -1 
-1 -1 -1 -1 -1 -1 -1 1 1 1 2 -1 -1 -1 -1 -1 -1 -1 -1 -1 
-1 -1 -1 -1 -1 -1 -1 -1 -1 -1 -1 -1 1 -1 -1 -1 -1 -1 -1 -1 
-1 -1 -1 -1 -1 -1 -1 -1 -1 -1 -1 -1 -1 3 -1 -1 -1 -1 -1 -1 
-1 -1 -1 -1 -1 -1 -1 -1 -1 -1 -1 -1 -1 -1 2 -1 -1 -1 -1 -1 
-1 -1 -1 -1 -1 -1 -1 -1 -1 -1 -1 3 -1 -1 -1 -1 -1 -1 -1 -1 
-1 -1 -1 -1 -1 -1 -1 -1 -1 -1 -1 -1 3 3 2 -1 -1 -1 -1 -1 
-1 -1 -1 -1 -1 -1 -1 -1 -1 -1 -1 -1 -1 -1 -1 -1 2 -1 -1 -1 
-1 -1 -1 -1 -1 -1 -1 -1 -1 -1 -1 -1 -1 -1 -1 -1 -1 2 -1 -1 
-1 -1 -1 -1 -1 -1 -1 -1 -1 -1 -1 -1 -1 -1 -1 2 -1 -1 -1 -1 
-1 -1 -1 -1 -1 -1 -1 -1 -1 -1 -1 -1 -1 -1 -1 -1 1 3 -1 -1 
-1 -1 -1 -1 -1 -1 -1 -1 -1 -1 -1 -1 -1 -1 -1 -1 -1 -1 -1 3 
-1 -1 -1 -1 -1 -1 -1 -1 -1 -1 -1 -1 -1 -1 -1 -1 -1 -1 2 -1 
-1 -1 -1 -1 -1 -1 -1 -1 -1 -1 -1 -1 -1 -1 -1 -1 -1 -1 -1 2 
-1 -1 -1 -1 -1 -1 -1 -1 -1 -1 -1 -1 -1 -1 -1 -1 -1 -1 -1 -1 

14.0 13.0 15.0 8.0 
24.0 23.0 23.0 15.0 
18.0 18.0 18.0 12.0 
15.0 13.0 13.0 8.0 
15.0 14.0 15.0 9.0 
16.0 16.0 15.0 10.0 
15.0 15.0 16.0 10.0 
17.0 18.0 17.0 11.0 
22.0 20.0 22.0 13.0 
19.0 19.0 20.0 12.0 
17.0 14.0 15.0 9.0 
20.0 22.0 19.0 12.0 
15.0 14.0 16.0 9.0 
19.0 17.0 16.0 10.0 
14.0 16.0 16.0 9.0 
14.0 16.0 16.0 9.0 
19.0 19.0 18.0 12.0 
23.0 22.0 22.0 14.0 
15.0 17.0 15.0 10.0 
15.0 14.0 17.0 9.0 

0.00 0.92 1.06 1.17 
0.92 0.00 1.18 1.18 
1.06 1.18 0.00 0.74 
1.17 1.18 0.74 0.00 

0.0 3.0 2.0 3.0 
3.0 0.0 4.0 4.0 
2.0 4.0 0.0 4.0 
3.0 4.0 4.0 0.0 

16 30 24 16 18 20 20 22 26 24 18 24 18 20 18 18 24 28 20 18 

20 3 91

-1 2 3 3 3 2 -1 -1 -1 -1 -1 -1 -1 -1 -1 -1 -1 -1 -1 -1 
-1 -1 -1 -1 -1 -1 -1 1 -1 -1 -1 -1 -1 -1 -1 -1 -1 -1 -1 -1 
-1 -1 -1 -1 -1 -1 -1 -1 2 -1 -1 -1 -1 -1 -1 -1 -1 -1 -1 -1 
-1 -1 -1 -1 -1 -1 -1 -1 -1 3 -1 -1 -1 -1 -1 -1 -1 -1 -1 -1 
-1 -1 -1 -1 -1 -1 -1 -1 -1 -1 1 -1 -1 -1 -1 -1 -1 -1 -1 -1 
-1 -1 -1 -1 -1 -1 3 -1 -1 -1 -1 -1 -1 -1 -1 -1 -1 -1 -1 -1 
-1 -1 -1 -1 -1 -1 -1 3 3 2 2 -1 -1 -1 -1 -1 -1 -1 -1 -1 
-1 -1 -1 -1 -1 -1 -1 -1 -1 -1 -1 -1 3 -1 -1 -1 -1 -1 -1 -1 
-1 -1 -1 -1 -1 -1 -1 -1 -1 -1 -1 -1 -1 2 -1 -1 -1 -1 -1 -1 
-1 -1 -1 -1 -1 -1 -1 -1 -1 -1 -1 -1 -1 -1 1 -1 -1 -1 -1 -1 
-1 -1 -1 -1 -1 -1 -1 -1 -1 -1 -1 1 -1 -1 -1 -1 -1 -1 -1 -1 
-1 -1 -1 -1 -1 -1 -1 -1 -1 -1 -1 -1 3 2 3 -1 -1 -1 -1 -1 
-1 -1 -1 -1 -1 -1 -1 -1 -1 -1 -1 -1 -1 -1 -1 -1 2 -1 -1 -1 
-1 -1 -1 -1 -1 -1 -1 -1 -1 -1 -1 -1 -1 -1 -1 -1 -1 1 -1 -1 
-1 -1 -1 -1 -1 -1 -1 -1 -1 -1 -1 -1 -1 -1 -1 2 -1 -1 -1 -1 
-1 -1 -1 -1 -1 -1 -1 -1 -1 -1 -1 -1 -1 -1 -1 -1 3 3 -1 -1 
-1 -1 -1 -1 -1 -1 -1 -1 -1 -1 -1 -1 -1 -1 -1 -1 -1 -1 -1 1 
-1 -1 -1 -1 -1 -1 -1 -1 -1 -1 -1 -1 -1 -1 -1 -1 -1 -1 1 -1 
-1 -1 -1 -1 -1 -1 -1 -1 -1 -1 -1 -1 -1 -1 -1 -1 -1 -1 -1 1 
-1 -1 -1 -1 -1 -1 -1 -1 -1 -1 -1 -1 -1 -1 -1 -1 -1 -1 -1 -1 

15.0 17.0 23.0 10.0 
13.0 20.0 24.0 8.0 
13.0 23.0 21.0 8.0 
26.0 27.0 30.0 17.0 
15.0 22.0 13.0 8.0 
11.0 19.0 17.0 7.0 
13.0 19.0 19.0 8.0 
27.0 31.0 17.0 11.0 
21.0 10.0 14.0 6.0 
25.0 22.0 20.0 13.0 
21.0 18.0 15.0 10.0 
17.0 14.0 9.0 6.0 
20.0 15.0 16.0 10.0 
10.0 10.0 13.0 6.0 
16.0 17.0 15.0 10.0 
21.0 16.0 20.0 10.0 
20.0 17.0 19.0 11.0 
20.0 20.0 14.0 9.0 
10.0 21.0 15.0 6.0 
15.0 12.0 16.0 8.0 

0.00 1.40 0.64 1.10 
1.40 0.00 1.21 0.90 
0.64 1.21 0.00 1.33 
1.10 0.90 1.33 0.00 

0.0 3.0 4.0 2.0 
3.0 0.0 3.0 4.0 
4.0 3.0 0.0 3.0 
2.0 4.0 3.0 0.0 

20 16 16 34 16 14 16 22 12 26 20 12 20 12 20 20 22 18 12 16 

20 3 96

-1 2 1 1 1 3 -1 -1 -1 -1 -1 -1 -1 -1 -1 -1 -1 -1 -1 -1 
-1 -1 -1 -1 -1 -1 -1 3 -1 -1 -1 -1 -1 -1 -1 -1 -1 -1 -1 -1 
-1 -1 -1 -1 -1 -1 -1 -1 3 -1 -1 -1 -1 -1 -1 -1 -1 -1 -1 -1 
-1 -1 -1 -1 -1 -1 -1 -1 -1 3 -1 -1 -1 -1 -1 -1 -1 -1 -1 -1 
-1 -1 -1 -1 -1 -1 -1 -1 -1 -1 3 -1 -1 -1 -1 -1 -1 -1 -1 -1 
-1 -1 -1 -1 -1 -1 1 -1 -1 -1 -1 -1 -1 -1 -1 -1 -1 -1 -1 -1 
-1 -1 -1 -1 -1 -1 -1 1 2 2 3 -1 -1 -1 -1 -1 -1 -1 -1 -1 
-1 -1 -1 -1 -1 -1 -1 -1 -1 -1 -1 -1 2 -1 -1 -1 -1 -1 -1 -1 
-1 -1 -1 -1 -1 -1 -1 -1 -1 -1 -1 -1 -1 2 -1 -1 -1 -1 -1 -1 
-1 -1 -1 -1 -1 -1 -1 -1 -1 -1 -1 -1 -1 -1 1 -1 -1 -1 -1 -1 
-1 -1 -1 -1 -1 -1 -1 -1 -1 -1 -1 2 -1 -1 -1 -1 -1 -1 -1 -1 
-1 -1 -1 -1 -1 -1 -1 -1 -1 -1 -1 -1 1 3 2 -1 -1 -1 -1 -1 
-1 -1 -1 -1 -1 -1 -1 -1 -1 -1 -1 -1 -1 -1 -1 -1 3 -1 -1 -1 
-1 -1 -1 -1 -1 -1 -1 -1 -1 -1 -1 -1 -1 -1 -1 -1 -1 1 -1 -1 
-1 -1 -1 -1 -1 -1 -1 -1 -1 -1 -1 -1 -1 -1 -1 2 -1 -1 -1 -1 
-1 -1 -1 -1 -1 -1 -1 -1 -1 -1 -1 -1 -1 -1 -1 -1 3 3 -1 -1 
-1 -1 -1 -1 -1 -1 -1 -1 -1 -1 -1 -1 -1 -1 -1 -1 -1 -1 -1 3 
-1 -1 -1 -1 -1 -1 -1 -1 -1 -1 -1 -1 -1 -1 -1 -1 -1 -1 3 -1 
-1 -1 -1 -1 -1 -1 -1 -1 -1 -1 -1 -1 -1 -1 -1 -1 -1 -1 -1 1 
-1 -1 -1 -1 -1 -1 -1 -1 -1 -1 -1 -1 -1 -1 -1 -1 -1 -1 -1 -1 

24.0 17.0 19.0 11.0 
17.0 12.0 10.0 6.0 
21.0 14.0 17.0 9.0 
15.0 23.0 22.0 10.0 
14.0 22.0 20.0 9.0 
22.0 23.0 21.0 14.0 
24.0 19.0 15.0 10.0 
16.0 13.0 17.0 8.0 
18.0 13.0 10.0 6.0 
15.0 18.0 21.0 10.0 
24.0 12.0 15.0 8.0 
13.0 11.0 20.0 7.0 
15.0 13.0 16.0 8.0 
14.0 17.0 13.0 8.0 
22.0 31.0 21.0 14.0 
29.0 23.0 29.0 15.0 
19.0 20.0 18.0 12.0 
25.0 21.0 18.0 12.0 
13.0 19.0 10.0 6.0 
15.0 18.0 19.0 10.0 

0.00 1.40 0.64 1.10 
1.40 0.00 1.21 0.90 
0.64 1.21 0.00 1.33 
1.10 0.90 1.33 0.00 

0.0 3.0 4.0 2.0 
3.0 0.0 3.0 4.0 
4.0 3.0 0.0 3.0 
2.0 4.0 3.0 0.0 

22 12 18 20 18 28 20 16 12 20 16 14 16 16 28 30 24 24 12 20 

20 3 93

-1 1 1 2 1 2 -1 -1 -1 -1 -1 -1 -1 -1 -1 -1 -1 -1 -1 -1 
-1 -1 -1 -1 -1 -1 -1 2 -1 -1 -1 -1 -1 -1 -1 -1 -1 -1 -1 -1 
-1 -1 -1 -1 -1 -1 -1 -1 1 -1 -1 -1 -1 -1 -1 -1 -1 -1 -1 -1 
-1 -1 -1 -1 -1 -1 -1 -1 -1 3 -1 -1 -1 -1 -1 -1 -1 -1 -1 -1 
-1 -1 -1 -1 -1 -1 -1 -1 -1 -1 2 -1 -1 -1 -1 -1 -1 -1 -1 -1 
-1 -1 -1 -1 -1 -1 2 -1 -1 -1 -1 -1 -1 -1 -1 -1 -1 -1 -1 -1 
-1 -1 -1 -1 -1 -1 -1 2 1 2 3 -1 -1 -1 -1 -1 -1 -1 -1 -1 
-1 -1 -1 -1 -1 -1 -1 -1 -1 -1 -1 -1 3 -1 -1 -1 -1 -1 -1 -1 
-1 -1 -1 -1 -1 -1 -1 -1 -1 -1 -1 -1 -1 3 -1 -1 -1 -1 -1 -1 
-1 -1 -1 -1 -1 -1 -1 -1 -1 -1 -1 -1 -1 -1 1 -1 -1 -1 -1 -1 
-1 -1 -1 -1 -1 -1 -1 -1 -1 -1 -1 2 -1 -1 -1 -1 -1 -1 -1 -1 
-1 -1 -1 -1 -1 -1 -1 -1 -1 -1 -1 -1 1 2 2 -1 -1 -1 -1 -1 
-1 -1 -1 -1 -1 -1 -1 -1 -1 -1 -1 -1 -1 -1 -1 -1 1 -1 -1 -1 
-1 -1 -1 -1 -1 -1 -1 -1 -1 -1 -1 -1 -1 -1 -1 -1 -1 1 -1 -1 
-1 -1 -1 -1 -1 -1 -1 -1 -1 -1 -1 -1 -1 -1 -1 1 -1 -1 -1 -1 
-1 -1 -1 -1 -1 -1 -1 -1 -1 -1 -1 -1 -1 -1 -1 -1 3 1 -1 -1 
-1 -1 -1 -1 -1 -1 -1 -1 -1 -1 -1 -1 -1 -1 -1 -1 -1 -1 -1 2 
-1 -1 -1 -1 -1 -1 -1 -1 -1 -1 -1 -1 -1 -1 -1 -1 -1 -1 2 -1 
-1 -1 -1 -1 -1 -1 -1 -1 -1 -1 -1 -1 -1 -1 -1 -1 -1 -1 -1 2 
-1 -1 -1 -1 -1 -1 -1 -1 -1 -1 -1 -1 -1 -1 -1 -1 -1 -1 -1 -1 

26.0 31.0 32.0 17.0 
23.0 18.0 17.0 11.0 
19.0 22.0 16.0 10.0 
14.0 18.0 17.0 9.0 
12.0 14.0 20.0 8.0 
27.0 22.0 15.0 10.0 
10.0 16.0 10.0 6.0 
16.0 18.0 20.0 10.0 
14.0 24.0 14.0 9.0 
12.0 12.0 11.0 7.0 
13.0 12.0 17.0 8.0 
16.0 20.0 12.0 8.0 
21.0 27.0 25.0 14.0 
21.0 16.0 22.0 10.0 
11.0 12.0 11.0 7.0 
13.0 11.0 17.0 7.0 
11.0 15.0 18.0 7.0 
15.0 13.0 11.0 7.0 
20.0 18.0 18.0 12.0 
28.0 26.0 14.0 9.0 

0.00 1.40 0.64 1.10 
1.40 0.00 1.21 0.90 
0.64 1.21 0.00 1.33 
1.10 0.90 1.33 0.00 

0.0 3.0 4.0 2.0 
3.0 0.0 3.0 4.0 
4.0 3.0 0.0 3.0 
2.0 4.0 3.0 0.0 

34 22 20 18 16 20 12 20 18 14 16 16 28 20 14 14 14 14 24 18 

20 3 105

-1 35 32 27 37 27 -1 -1 -1 -1 -1 -1 -1 -1 -1 -1 -1 -1 -1 -1 
-1 -1 -1 -1 -1 -1 -1 20 -1 -1 -1 -1 -1 -1 -1 -1 -1 -1 -1 -1 
-1 -1 -1 -1 -1 -1 -1 -1 37 -1 -1 -1 -1 -1 -1 -1 -1 -1 -1 -1 
-1 -1 -1 -1 -1 -1 -1 -1 -1 38 -1 -1 -1 -1 -1 -1 -1 -1 -1 -1 
-1 -1 -1 -1 -1 -1 -1 -1 -1 -1 36 -1 -1 -1 -1 -1 -1 -1 -1 -1 
-1 -1 -1 -1 -1 -1 26 -1 -1 -1 -1 -1 -1 -1 -1 -1 -1 -1 -1 -1 
-1 -1 -1 -1 -1 -1 -1 35 21 24 25 -1 -1 -1 -1 -1 -1 -1 -1 -1 
-1 -1 -1 -1 -1 -1 -1 -1 -1 -1 -1 -1 21 -1 -1 -1 -1 -1 -1 -1 
-1 -1 -1 -1 -1 -1 -1 -1 -1 -1 -1 -1 -1 18 -1 -1 -1 -1 -1 -1 
-1 -1 -1 -1 -1 -1 -1 -1 -1 -1 -1 -1 -1 -1 29 -1 -1 -1 -1 -1 
-1 -1 -1 -1 -1 -1 -1 -1 -1 -1 -1 26 -1 -1 -1 -1 -1 -1 -1 -1 
-1 -1 -1 -1 -1 -1 -1 -1 -1 -1 -1 -1 37 30 30 -1 -1 -1 -1 -1 
-1 -1 -1 -1 -1 -1 -1 -1 -1 -1 -1 -1 -1 -1 -1 -1 29 -1 -1 -1 
-1 -1 -1 -1 -1 -1 -1 -1 -1 -1 -1 -1 -1 -1 -1 -1 -1 14 -1 -1 
-1 -1 -1 -1 -1 -1 -1 -1 -1 -1 -1 -1 -1 -1 -1 30 -1 -1 -1 -1 
-1 -1 -1 -1 -1 -1 -1 -1 -1 -1 -1 -1 -1 -1 -1 -1 26 30 -1 -1 
-1 -1 -1 -1 -1 -1 -1 -1 -1 -1 -1 -1 -1 -1 -1 -1 -1 -1 -1 27 
-1 -1 -1 -1 -1 -1 -1 -1 -1 -1 -1 -1 -1 -1 -1 -1 -1 -1 32 -1 
-1 -1 -1 -1 -1 -1 -1 -1 -1 -1 -1 -1 -1 -1 -1 -1 -1 -1 -1 17 
-1 -1 -1 -1 -1 -1 -1 -1 -1 -1 -1 -1 -1 -1 -1 -1 -1 -1 -1 -1 

24.0 21.0 20.0 13.0 
17.0 14.0 13.0 8.0 
17.0 23.0 16.0 10.0 
17.0 23.0 23.0 11.0 
18.0 18.0 25.0 12.0 
19.0 14.0 14.0 9.0 
18.0 14.0 19.0 9.0 
20.0 17.0 19.0 11.0 
15.0 12.0 18.0 8.0 
12.0 16.0 14.0 8.0 
21.0 25.0 23.0 14.0 
19.0 22.0 23.0 12.0 
18.0 20.0 17.0 11.0 
19.0 14.0 12.0 8.0 
25.0 29.0 22.0 14.0 
19.0 16.0 17.0 10.0 
20.0 28.0 22.0 13.0 
19.0 15.0 19.0 10.0 
17.0 12.0 14.0 8.0 
17.0 23.0 23.0 11.0 

0.00 0.96 1.11 0.81 
0.96 0.00 1.07 0.80 
1.11 1.07 0.00 1.29 
0.81 0.80 1.29 0.00 

0.0 4.0 3.0 2.0 
4.0 0.0 2.0 3.0 
3.0 2.0 0.0 4.0 
2.0 3.0 4.0 0.0 

26 16 20 22 24 18 18 22 16 16 28 24 22 16 28 20 26 20 16 22 

20 3 100

-1 14 14 36 31 23 -1 -1 -1 -1 -1 -1 -1 -1 -1 -1 -1 -1 -1 -1 
-1 -1 -1 -1 -1 -1 -1 38 -1 -1 -1 -1 -1 -1 -1 -1 -1 -1 -1 -1 
-1 -1 -1 -1 -1 -1 -1 -1 31 -1 -1 -1 -1 -1 -1 -1 -1 -1 -1 -1 
-1 -1 -1 -1 -1 -1 -1 -1 -1 15 -1 -1 -1 -1 -1 -1 -1 -1 -1 -1 
-1 -1 -1 -1 -1 -1 -1 -1 -1 -1 39 -1 -1 -1 -1 -1 -1 -1 -1 -1 
-1 -1 -1 -1 -1 -1 26 -1 -1 -1 -1 -1 -1 -1 -1 -1 -1 -1 -1 -1 
-1 -1 -1 -1 -1 -1 -1 13 32 37 13 -1 -1 -1 -1 -1 -1 -1 -1 -1 
-1 -1 -1 -1 -1 -1 -1 -1 -1 -1 -1 -1 29 -1 -1 -1 -1 -1 -1 -1 
-1 -1 -1 -1 -1 -1 -1 -1 -1 -1 -1 -1 -1 14 -1 -1 -1 -1 -1 -1 
-1 -1 -1 -1 -1 -1 -1 -1 -1 -1 -1 -1 -1 -1 29 -1 -1 -1 -1 -1 
-1 -1 -1 -1 -1 -1 -1 -1 -1 -1 -1 23 -1 -1 -1 -1 -1 -1 -1 -1 
-1 -1 -1 -1 -1 -1 -1 -1 -1 -1 -1 -1 33 13 23 -1 -1 -1 -1 -1 
-1 -1 -1 -1 -1 -1 -1 -1 -1 -1 -1 -1 -1 -1 -1 -1 21 -1 -1 -1 
-1 -1 -1 -1 -1 -1 -1 -1 -1 -1 -1 -1 -1 -1 -1 -1 -1 38 -1 -1 
-1 -1 -1 -1 -1 -1 -1 -1 -1 -1 -1 -1 -1 -1 -1 33 -1 -1 -1 -1 
-1 -1 -1 -1 -1 -1 -1 -1 -1 -1 -1 -1 -1 -1 -1 -1 14 27 -1 -1 
-1 -1 -1 -1 -1 -1 -1 -1 -1 -1 -1 -1 -1 -1 -1 -1 -1 -1 -1 20 
-1 -1 -1 -1 -1 -1 -1 -1 -1 -1 -1 -1 -1 -1 -1 -1 -1 -1 32 -1 
-1 -1 -1 -1 -1 -1 -1 -1 -1 -1 -1 -1 -1 -1 -1 -1 -1 -1 -1 28 
-1 -1 -1 -1 -1 -1 -1 -1 -1 -1 -1 -1 -1 -1 -1 -1 -1 -1 -1 -1 

15.0 16.0 18.0 10.0 
16.0 13.0 15.0 8.0 
19.0 19.0 13.0 8.0 
20.0 24.0 23.0 13.0 
24.0 19.0 16.0 10.0 
18.0 17.0 22.0 11.0 
15.0 15.0 15.0 10.0 
19.0 22.0 19.0 12.0 
20.0 14.0 17.0 9.0 
16.0 26.0 23.0 10.0 
18.0 14.0 19.0 9.0 
21.0 15.0 22.0 10.0 
20.0 22.0 19.0 12.0 
22.0 24.0 21.0 14.0 
12.0 13.0 12.0 8.0 
14.0 16.0 16.0 9.0 
16.0 17.0 11.0 7.0 
18.0 15.0 18.0 10.0 
15.0 12.0 16.0 8.0 
19.0 19.0 25.0 12.0 

0.00 0.96 1.11 0.81 
0.96 0.00 1.07 0.80 
1.11 1.07 0.00 1.29 
0.81 0.80 1.29 0.00 

0.0 4.0 3.0 2.0 
4.0 0.0 2.0 3.0 
3.0 2.0 0.0 4.0 
2.0 3.0 4.0 0.0 

20 16 16 26 20 22 20 24 18 20 18 20 24 28 16 18 14 20 16 24 

20 3 100

-1 35 29 30 13 38 -1 -1 -1 -1 -1 -1 -1 -1 -1 -1 -1 -1 -1 -1 
-1 -1 -1 -1 -1 -1 -1 39 -1 -1 -1 -1 -1 -1 -1 -1 -1 -1 -1 -1 
-1 -1 -1 -1 -1 -1 -1 -1 26 -1 -1 -1 -1 -1 -1 -1 -1 -1 -1 -1 
-1 -1 -1 -1 -1 -1 -1 -1 -1 31 -1 -1 -1 -1 -1 -1 -1 -1 -1 -1 
-1 -1 -1 -1 -1 -1 -1 -1 -1 -1 25 -1 -1 -1 -1 -1 -1 -1 -1 -1 
-1 -1 -1 -1 -1 -1 37 -1 -1 -1 -1 -1 -1 -1 -1 -1 -1 -1 -1 -1 
-1 -1 -1 -1 -1 -1 -1 28 24 34 37 -1 -1 -1 -1 -1 -1 -1 -1 -1 
-1 -1 -1 -1 -1 -1 -1 -1 -1 -1 -1 -1 38 -1 -1 -1 -1 -1 -1 -1 
-1 -1 -1 -1 -1 -1 -1 -1 -1 -1 -1 -1 -1 31 -1 -1 -1 -1 -1 -1 
-1 -1 -1 -1 -1 -1 -1 -1 -1 -1 -1 -1 -1 -1 28 -1 -1 -1 -1 -1 
-1 -1 -1 -1 -1 -1 -1 -1 -1 -1 -1 22 -1 -1 -1 -1 -1 -1 -1 -1 
-1 -1 -1 -1 -1 -1 -1 -1 -1 -1 -1 -1 19 28 16 -1 -1 -1 -1 -1 
-1 -1 -1 -1 -1 -1 -1 -1 -1 -1 -1 -1 -1 -1 -1 -1 15 -1 -1 -1 
-1 -1 -1 -1 -1 -1 -1 -1 -1 -1 -1 -1 -1 -1 -1 -1 -1 13 -1 -1 
-1 -1 -1 -1 -1 -1 -1 -1 -1 -1 -1 -1 -1 -1 -1 27 -1 -1 -1 -1 
-1 -1 -1 -1 -1 -1 -1 -1 -1 -1 -1 -1 -1 -1 -1 -1 15 18 -1 -1 
-1 -1 -1 -1 -1 -1 -1 -1 -1 -1 -1 -1 -1 -1 -1 -1 -1 -1 -1 39 
-1 -1 -1 -1 -1 -1 -1 -1 -1 -1 -1 -1 -1 -1 -1 -1 -1 -1 26 -1 
-1 -1 -1 -1 -1 -1 -1 -1 -1 -1 -1 -1 -1 -1 -1 -1 -1 -1 -1 28 
-1 -1 -1 -1 -1 -1 -1 -1 -1 -1 -1 -1 -1 -1 -1 -1 -1 -1 -1 -1 

13.0 15.0 17.0 8.0 
22.0 18.0 17.0 11.0 
12.0 12.0 12.0 8.0 
14.0 11.0 12.0 7.0 
15.0 22.0 15.0 10.0 
16.0 17.0 19.0 10.0 
13.0 19.0 20.0 8.0 
21.0 17.0 17.0 11.0 
18.0 12.0 16.0 8.0 
20.0 20.0 24.0 13.0 
22.0 26.0 20.0 13.0 
16.0 14.0 16.0 9.0 
24.0 21.0 27.0 14.0 
18.0 13.0 16.0 8.0 
22.0 16.0 16.0 10.0 
24.0 20.0 26.0 13.0 
15.0 12.0 12.0 8.0 
15.0 23.0 19.0 10.0 
27.0 26.0 18.0 12.0 
24.0 16.0 23.0 10.0 

0.00 0.96 1.11 0.81 
0.96 0.00 1.07 0.80 
1.11 1.07 0.00 1.29 
0.81 0.80 1.29 0.00 

0.0 4.0 3.0 2.0 
4.0 0.0 2.0 3.0 
3.0 2.0 0.0 4.0 
2.0 3.0 4.0 0.0 

16 22 16 14 20 20 16 22 16 26 26 18 28 16 20 26 16 20 24 20 

20 3 112

-1 35 14 30 15 29 -1 -1 -1 -1 -1 -1 -1 -1 -1 -1 -1 -1 -1 -1 
-1 -1 -1 -1 -1 -1 -1 36 -1 -1 -1 -1 -1 -1 -1 -1 -1 -1 -1 -1 
-1 -1 -1 -1 -1 -1 -1 -1 26 -1 -1 -1 -1 -1 -1 -1 -1 -1 -1 -1 
-1 -1 -1 -1 -1 -1 -1 -1 -1 19 -1 -1 -1 -1 -1 -1 -1 -1 -1 -1 
-1 -1 -1 -1 -1 -1 -1 -1 -1 -1 30 -1 -1 -1 -1 -1 -1 -1 -1 -1 
-1 -1 -1 -1 -1 -1 31 -1 -1 -1 -1 -1 -1 -1 -1 -1 -1 -1 -1 -1 
-1 -1 -1 -1 -1 -1 -1 33 22 30 25 -1 -1 -1 -1 -1 -1 -1 -1 -1 
-1 -1 -1 -1 -1 -1 -1 -1 -1 -1 -1 -1 22 -1 -1 -1 -1 -1 -1 -1 
-1 -1 -1 -1 -1 -1 -1 -1 -1 -1 -1 -1 -1 34 -1 -1 -1 -1 -1 -1 
-1 -1 -1 -1 -1 -1 -1 -1 -1 -1 -1 -1 -1 -1 27 -1 -1 -1 -1 -1 
-1 -1 -1 -1 -1 -1 -1 -1 -1 -1 -1 30 -1 -1 -1 -1 -1 -1 -1 -1 
-1 -1 -1 -1 -1 -1 -1 -1 -1 -1 -1 -1 24 26 31 -1 -1 -1 -1 -1 
-1 -1 -1 -1 -1 -1 -1 -1 -1 -1 -1 -1 -1 -1 -1 -1 26 -1 -1 -1 
-1 -1 -1 -1 -1 -1 -1 -1 -1 -1 -1 -1 -1 -1 -1 -1 -1 16 -1 -1 
-1 -1 -1 -1 -1 -1 -1 -1 -1 -1 -1 -1 -1 -1 -1 16 -1 -1 -1 -1 
-1 -1 -1 -1 -1 -1 -1 -1 -1 -1 -1 -1 -1 -1 -1 -1 20 31 -1 -1 
-1 -1 -1 -1 -1 -1 -1 -1 -1 -1 -1 -1 -1 -1 -1 -1 -1 -1 -1 27 
-1 -1 -1 -1 -1 -1 -1 -1 -1 -1 -1 -1 -1 -1 -1 -1 -1 -1 39 -1 
-1 -1 -1 -1 -1 -1 -1 -1 -1 -1 -1 -1 -1 -1 -1 -1 -1 -1 -1 14 
-1 -1 -1 -1 -1 -1 -1 -1 -1 -1 -1 -1 -1 -1 -1 -1 -1 -1 -1 -1 

22.0 22.0 23.0 14.0 
14.0 14.0 15.0 9.0 
19.0 21.0 18.0 12.0 
15.0 14.0 13.0 8.0 
18.0 16.0 18.0 10.0 
15.0 15.0 17.0 10.0 
20.0 21.0 20.0 13.0 
17.0 17.0 19.0 11.0 
18.0 22.0 21.0 12.0 
19.0 17.0 19.0 11.0 
15.0 14.0 14.0 9.0 
22.0 22.0 19.0 12.0 
25.0 22.0 25.0 14.0 
15.0 15.0 15.0 10.0 
25.0 21.0 25.0 14.0 
19.0 19.0 17.0 11.0 
19.0 19.0 19.0 12.0 
13.0 14.0 14.0 8.0 
21.0 21.0 24.0 14.0 
20.0 20.0 17.0 11.0 

0.00 0.57 1.36 1.35 
0.57 0.00 0.91 1.26 
1.36 0.91 0.00 0.52 
1.35 1.26 0.52 0.00 

0.0 4.0 3.0 4.0 
4.0 0.0 3.0 4.0 
3.0 3.0 0.0 4.0 
4.0 4.0 4.0 0.0 

28 18 24 16 20 20 26 22 24 22 18 24 28 20 28 22 24 16 28 22 

20 3 109

-1 21 39 32 27 34 -1 -1 -1 -1 -1 -1 -1 -1 -1 -1 -1 -1 -1 -1 
-1 -1 -1 -1 -1 -1 -1 39 -1 -1 -1 -1 -1 -1 -1 -1 -1 -1 -1 -1 
-1 -1 -1 -1 -1 -1 -1 -1 27 -1 -1 -1 -1 -1 -1 -1 -1 -1 -1 -1 
-1 -1 -1 -1 -1 -1 -1 -1 -1 15 -1 -1 -1 -1 -1 -1 -1 -1 -1 -1 
-1 -1 -1 -1 -1 -1 -1 -1 -1 -1 22 -1 -1 -1 -1 -1 -1 -1 -1 -1 
-1 -1 -1 -1 -1 -1 31 -1 -1 -1 -1 -1 -1 -1 -1 -1 -1 -1 -1 -1 
-1 -1 -1 -1 -1 -1 -1 35 22 26 16 -1 -1 -1 -1 -1 -1 -1 -1 -1 
-1 -1 -1 -1 -1 -1 -1 -1 -1 -1 -1 -1 26 -1 -1 -1 -1 -1 -1 -1 
-1 -1 -1 -1 -1 -1 -1 -1 -1 -1 -1 -1 -1 25 -1 -1 -1 -1 -1 -1 
-1 -1 -1 -1 -1 -1 -1 -1 -1 -1 -1 -1 -1 -1 30 -1 -1 -1 -1 -1 
-1 -1 -1 -1 -1 -1 -1 -1 -1 -1 -1 28 -1 -1 -1 -1 -1 -1 -1 -1 
-1 -1 -1 -1 -1 -1 -1 -1 -1 -1 -1 -1 21 14 25 -1 -1 -1 -1 -1 
-1 -1 -1 -1 -1 -1 -1 -1 -1 -1 -1 -1 -1 -1 -1 -1 37 -1 -1 -1 
-1 -1 -1 -1 -1 -1 -1 -1 -1 -1 -1 -1 -1 -1 -1 -1 -1 24 -1 -1 
-1 -1 -1 -1 -1 -1 -1 -1 -1 -1 -1 -1 -1 -1 -1 26 -1 -1 -1 -1 
-1 -1 -1 -1 -1 -1 -1 -1 -1 -1 -1 -1 -1 -1 -1 -1 39 19 -1 -1 
-1 -1 -1 -1 -1 -1 -1 -1 -1 -1 -1 -1 -1 -1 -1 -1 -1 -1 -1 27 
-1 -1 -1 -1 -1 -1 -1 -1 -1 -1 -1 -1 -1 -1 -1 -1 -1 -1 21 -1 
-1 -1 -1 -1 -1 -1 -1 -1 -1 -1 -1 -1 -1 -1 -1 -1 -1 -1 -1 22 
-1 -1 -1 -1 -1 -1 -1 -1 -1 -1 -1 -1 -1 -1 -1 -1 -1 -1 -1 -1 

16.0 17.0 16.0 10.0 
18.0 16.0 16.0 10.0 
18.0 20.0 18.0 12.0 
13.0 15.0 14.0 8.0 
20.0 21.0 19.0 12.0 
15.0 16.0 14.0 9.0 
15.0 16.0 16.0 10.0 
14.0 17.0 17.0 9.0 
16.0 15.0 17.0 10.0 
17.0 20.0 18.0 11.0 
19.0 16.0 16.0 10.0 
20.0 23.0 23.0 13.0 
19.0 18.0 18.0 12.0 
24.0 20.0 23.0 13.0 
23.0 22.0 25.0 14.0 
16.0 17.0 19.0 10.0 
20.0 21.0 21.0 13.0 
18.0 18.0 18.0 12.0 
16.0 16.0 16.0 10.0 
18.0 16.0 16.0 10.0 

0.00 0.57 1.36 1.35 
0.57 0.00 0.91 1.26 
1.36 0.91 0.00 0.52 
1.35 1.26 0.52 0.00 

0.0 4.0 3.0 4.0 
4.0 0.0 3.0 4.0 
3.0 3.0 0.0 4.0 
4.0 4.0 4.0 0.0 

20 20 24 16 24 18 20 18 20 22 20 26 24 26 28 20 26 24 20 20 

20 3 123

-1 31 32 30 38 18 -1 -1 -1 -1 -1 -1 -1 -1 -1 -1 -1 -1 -1 -1 
-1 -1 -1 -1 -1 -1 -1 17 -1 -1 -1 -1 -1 -1 -1 -1 -1 -1 -1 -1 
-1 -1 -1 -1 -1 -1 -1 -1 39 -1 -1 -1 -1 -1 -1 -1 -1 -1 -1 -1 
-1 -1 -1 -1 -1 -1 -1 -1 -1 20 -1 -1 -1 -1 -1 -1 -1 -1 -1 -1 
-1 -1 -1 -1 -1 -1 -1 -1 -1 -1 29 -1 -1 -1 -1 -1 -1 -1 -1 -1 
-1 -1 -1 -1 -1 -1 34 -1 -1 -1 -1 -1 -1 -1 -1 -1 -1 -1 -1 -1 
-1 -1 -1 -1 -1 -1 -1 35 25 32 15 -1 -1 -1 -1 -1 -1 -1 -1 -1 
-1 -1 -1 -1 -1 -1 -1 -1 -1 -1 -1 -1 21 -1 -1 -1 -1 -1 -1 -1 
-1 -1 -1 -1 -1 -1 -1 -1 -1 -1 -1 -1 -1 37 -1 -1 -1 -1 -1 -1 
-1 -1 -1 -1 -1 -1 -1 -1 -1 -1 -1 -1 -1 -1 26 -1 -1 -1 -1 -1 
-1 -1 -1 -1 -1 -1 -1 -1 -1 -1 -1 35 -1 -1 -1 -1 -1 -1 -1 -1 
-1 -1 -1 -1 -1 -1 -1 -1 -1 -1 -1 -1 31 34 28 -1 -1 -1 -1 -1 
-1 -1 -1 -1 -1 -1 -1 -1 -1 -1 -1 -1 -1 -1 -1 -1 30 -1 -1 -1 
-1 -1 -1 -1 -1 -1 -1 -1 -1 -1 -1 -1 -1 -1 -1 -1 -1 14 -1 -1 
-1 -1 -1 -1 -1 -1 -1 -1 -1 -1 -1 -1 -1 -1 -1 18 -1 -1 -1 -1 
-1 -1 -1 -1 -1 -1 -1 -1 -1 -1 -1 -1 -1 -1 -1 -1 29 32 -1 -1 
-1 -1 -1 -1 -1 -1 -1 -1 -1 -1 -1 -1 -1 -1 -1 -1 -1 -1 -1 18 
-1 -1 -1 -1 -1 -1 -1 -1 -1 -1 -1 -1 -1 -1 -1 -1 -1 -1 22 -1 
-1 -1 -1 -1 -1 -1 -1 -1 -1 -1 -1 -1 -1 -1 -1 -1 -1 -1 -1 22 
-1 -1 -1 -1 -1 -1 -1 -1 -1 -1 -1 -1 -1 -1 -1 -1 -1 -1 -1 -1 

23.0 24.0 24.0 15.0 
19.0 17.0 17.0 11.0 
21.0 20.0 20.0 13.0 
21.0 24.0 21.0 14.0 
17.0 18.0 18.0 11.0 
15.0 14.0 15.0 9.0 
18.0 20.0 19.0 12.0 
24.0 23.0 26.0 15.0 
17.0 18.0 17.0 11.0 
19.0 18.0 19.0 12.0 
23.0 23.0 22.0 14.0 
14.0 15.0 13.0 8.0 
16.0 18.0 17.0 10.0 
19.0 20.0 21.0 12.0 
19.0 18.0 21.0 12.0 
20.0 24.0 23.0 13.0 
19.0 20.0 18.0 12.0 
25.0 26.0 26.0 16.0 
24.0 22.0 21.0 14.0 
21.0 20.0 21.0 13.0 

0.00 0.57 1.36 1.35 
0.57 0.00 0.91 1.26 
1.36 0.91 0.00 0.52 
1.35 1.26 0.52 0.00 

0.0 4.0 3.0 4.0 
4.0 0.0 3.0 4.0 
3.0 3.0 0.0 4.0 
4.0 4.0 4.0 0.0 

30 22 26 28 22 18 24 30 22 24 28 16 20 24 24 26 24 32 28 26 

20 3 99

-1 20 36 37 28 24 -1 -1 -1 -1 -1 -1 -1 -1 -1 -1 -1 -1 -1 -1 
-1 -1 -1 -1 -1 -1 -1 34 -1 -1 -1 -1 -1 -1 -1 -1 -1 -1 -1 -1 
-1 -1 -1 -1 -1 -1 -1 -1 25 -1 -1 -1 -1 -1 -1 -1 -1 -1 -1 -1 
-1 -1 -1 -1 -1 -1 -1 -1 -1 36 -1 -1 -1 -1 -1 -1 -1 -1 -1 -1 
-1 -1 -1 -1 -1 -1 -1 -1 -1 -1 29 -1 -1 -1 -1 -1 -1 -1 -1 -1 
-1 -1 -1 -1 -1 -1 32 -1 -1 -1 -1 -1 -1 -1 -1 -1 -1 -1 -1 -1 
-1 -1 -1 -1 -1 -1 -1 17 37 25 35 -1 -1 -1 -1 -1 -1 -1 -1 -1 
-1 -1 -1 -1 -1 -1 -1 -1 -1 -1 -1 -1 14 -1 -1 -1 -1 -1 -1 -1 
-1 -1 -1 -1 -1 -1 -1 -1 -1 -1 -1 -1 -1 33 -1 -1 -1 -1 -1 -1 
-1 -1 -1 -1 -1 -1 -1 -1 -1 -1 -1 -1 -1 -1 24 -1 -1 -1 -1 -1 
-1 -1 -1 -1 -1 -1 -1 -1 -1 -1 -1 13 -1 -1 -1 -1 -1 -1 -1 -1 
-1 -1 -1 -1 -1 -1 -1 -1 -1 -1 -1 -1 17 16 14 -1 -1 -1 -1 -1 
-1 -1 -1 -1 -1 -1 -1 -1 -1 -1 -1 -1 -1 -1 -1 -1 35 -1 -1 -1 
-1 -1 -1 -1 -1 -1 -1 -1 -1 -1 -1 -1 -1 -1 -1 -1 -1 14 -1 -1 
-1 -1 -1 -1 -1 -1 -1 -1 -1 -1 -1 -1 -1 -1 -1 16 -1 -1 -1 -1 
-1 -1 -1 -1 -1 -1 -1 -1 -1 -1 -1 -1 -1 -1 -1 -1 37 13 -1 -1 
-1 -1 -1 -1 -1 -1 -1 -1 -1 -1 -1 -1 -1 -1 -1 -1 -1 -1 -1 29 
-1 -1 -1 -1 -1 -1 -1 -1 -1 -1 -1 -1 -1 -1 -1 -1 -1 -1 15 -1 
-1 -1 -1 -1 -1 -1 -1 -1 -1 -1 -1 -1 -1 -1 -1 -1 -1 -1 -1 17 
-1 -1 -1 -1 -1 -1 -1 -1 -1 -1 -1 -1 -1 -1 -1 -1 -1 -1 -1 -1 

20.0 19.0 25.0 12.0 
15.0 18.0 15.0 10.0 
13.0 16.0 9.0 6.0 
20.0 13.0 14.0 8.0 
18.0 20.0 25.0 12.0 
17.0 22.0 19.0 11.0 
24.0 14.0 21.0 9.0 
24.0 18.0 22.0 12.0 
30.0 24.0 15.0 10.0 
17.0 12.0 23.0 8.0 
23.0 16.0 24.0 10.0 
12.0 21.0 24.0 8.0 
17.0 11.0 14.0 7.0 
25.0 22.0 24.0 14.0 
23.0 13.0 15.0 8.0 
28.0 24.0 24.0 16.0 
19.0 21.0 15.0 10.0 
18.0 15.0 21.0 10.0 
23.0 19.0 20.0 12.0 
18.0 10.0 17.0 6.0 

0.00 0.75 1.25 0.71 
0.75 0.00 1.01 1.10 
1.25 1.01 0.00 0.61 
0.71 1.10 0.61 0.00 

0.0 4.0 2.0 3.0 
4.0 0.0 4.0 4.0 
2.0 4.0 0.0 2.0 
3.0 4.0 2.0 0.0 

24 20 12 16 24 22 18 24 20 16 20 16 14 28 16 32 20 20 24 12 

20 3 98

-1 33 17 27 22 16 -1 -1 -1 -1 -1 -1 -1 -1 -1 -1 -1 -1 -1 -1 
-1 -1 -1 -1 -1 -1 -1 21 -1 -1 -1 -1 -1 -1 -1 -1 -1 -1 -1 -1 
-1 -1 -1 -1 -1 -1 -1 -1 28 -1 -1 -1 -1 -1 -1 -1 -1 -1 -1 -1 
-1 -1 -1 -1 -1 -1 -1 -1 -1 23 -1 -1 -1 -1 -1 -1 -1 -1 -1 -1 
-1 -1 -1 -1 -1 -1 -1 -1 -1 -1 34 -1 -1 -1 -1 -1 -1 -1 -1 -1 
-1 -1 -1 -1 -1 -1 38 -1 -1 -1 -1 -1 -1 -1 -1 -1 -1 -1 -1 -1 
-1 -1 -1 -1 -1 -1 -1 18 29 35 17 -1 -1 -1 -1 -1 -1 -1 -1 -1 
-1 -1 -1 -1 -1 -1 -1 -1 -1 -1 -1 -1 35 -1 -1 -1 -1 -1 -1 -1 
-1 -1 -1 -1 -1 -1 -1 -1 -1 -1 -1 -1 -1 37 -1 -1 -1 -1 -1 -1 
-1 -1 -1 -1 -1 -1 -1 -1 -1 -1 -1 -1 -1 -1 33 -1 -1 -1 -1 -1 
-1 -1 -1 -1 -1 -1 -1 -1 -1 -1 -1 28 -1 -1 -1 -1 -1 -1 -1 -1 
-1 -1 -1 -1 -1 -1 -1 -1 -1 -1 -1 -1 18 32 35 -1 -1 -1 -1 -1 
-1 -1 -1 -1 -1 -1 -1 -1 -1 -1 -1 -1 -1 -1 -1 -1 25 -1 -1 -1 
-1 -1 -1 -1 -1 -1 -1 -1 -1 -1 -1 -1 -1 -1 -1 -1 -1 19 -1 -1 
-1 -1 -1 -1 -1 -1 -1 -1 -1 -1 -1 -1 -1 -1 -1 38 -1 -1 -1 -1 
-1 -1 -1 -1 -1 -1 -1 -1 -1 -1 -1 -1 -1 -1 -1 -1 13 23 -1 -1 
-1 -1 -1 -1 -1 -1 -1 -1 -1 -1 -1 -1 -1 -1 -1 -1 -1 -1 -1 15 
-1 -1 -1 -1 -1 -1 -1 -1 -1 -1 -1 -1 -1 -1 -1 -1 -1 -1 20 -1 
-1 -1 -1 -1 -1 -1 -1 -1 -1 -1 -1 -1 -1 -1 -1 -1 -1 -1 -1 36 
-1 -1 -1 -1 -1 -1 -1 -1 -1 -1 -1 -1 -1 -1 -1 -1 -1 -1 -1 -1 

16.0 21.0 19.0 10.0 
20.0 11.0 20.0 7.0 
15.0 12.0 13.0 8.0 
25.0 16.0 15.0 10.0 
18.0 29.0 19.0 12.0 
19.0 26.0 24.0 12.0 
27.0 14.0 29.0 9.0 
22.0 19.0 25.0 12.0 
24.0 32.0 19.0 12.0 
21.0 18.0 20.0 12.0 
18.0 22.0 16.0 10.0 
17.0 19.0 22.0 11.0 
18.0 13.0 12.0 8.0 
18.0 12.0 24.0 8.0 
17.0 26.0 15.0 10.0 
14.0 14.0 17.0 9.0 
18.0 26.0 19.0 12.0 
16.0 15.0 11.0 7.0 
22.0 12.0 18.0 8.0 
17.0 15.0 14.0 9.0 

0.00 0.75 1.25 0.71 
0.75 0.00 1.01 1.10 
1.25 1.01 0.00 0.61 
0.71 1.10 0.61 0.00 

0.0 4.0 2.0 3.0 
4.0 0.0 4.0 4.0 
2.0 4.0 0.0 2.0 
3.0 4.0 2.0 0.0 

20 14 16 20 24 24 18 24 24 24 20 22 16 16 20 18 24 14 16 18 

20 3 97

-1 16 29 14 23 25 -1 -1 -1 -1 -1 -1 -1 -1 -1 -1 -1 -1 -1 -1 
-1 -1 -1 -1 -1 -1 -1 16 -1 -1 -1 -1 -1 -1 -1 -1 -1 -1 -1 -1 
-1 -1 -1 -1 -1 -1 -1 -1 34 -1 -1 -1 -1 -1 -1 -1 -1 -1 -1 -1 
-1 -1 -1 -1 -1 -1 -1 -1 -1 19 -1 -1 -1 -1 -1 -1 -1 -1 -1 -1 
-1 -1 -1 -1 -1 -1 -1 -1 -1 -1 31 -1 -1 -1 -1 -1 -1 -1 -1 -1 
-1 -1 -1 -1 -1 -1 36 -1 -1 -1 -1 -1 -1 -1 -1 -1 -1 -1 -1 -1 
-1 -1 -1 -1 -1 -1 -1 32 37 13 23 -1 -1 -1 -1 -1 -1 -1 -1 -1 
-1 -1 -1 -1 -1 -1 -1 -1 -1 -1 -1 -1 23 -1 -1 -1 -1 -1 -1 -1 
-1 -1 -1 -1 -1 -1 -1 -1 -1 -1 -1 -1 -1 36 -1 -1 -1 -1 -1 -1 
-1 -1 -1 -1 -1 -1 -1 -1 -1 -1 -1 -1 -1 -1 25 -1 -1 -1 -1 -1 
-1 -1 -1 -1 -1 -1 -1 -1 -1 -1 -1 33 -1 -1 -1 -1 -1 -1 -1 -1 
-1 -1 -1 -1 -1 -1 -1 -1 -1 -1 -1 -1 25 29 34 -1 -1 -1 -1 -1 
-1 -1 -1 -1 -1 -1 -1 -1 -1 -1 -1 -1 -1 -1 -1 -1 21 -1 -1 -1 
-1 -1 -1 -1 -1 -1 -1 -1 -1 -1 -1 -1 -1 -1 -1 -1 -1 15 -1 -1 
-1 -1 -1 -1 -1 -1 -1 -1 -1 -1 -1 -1 -1 -1 -1 35 -1 -1 -1 -1 
-1 -1 -1 -1 -1 -1 -1 -1 -1 -1 -1 -1 -1 -1 -1 -1 29 39 -1 -1 
-1 -1 -1 -1 -1 -1 -1 -1 -1 -1 -1 -1 -1 -1 -1 -1 -1 -1 -1 23 
-1 -1 -1 -1 -1 -1 -1 -1 -1 -1 -1 -1 -1 -1 -1 -1 -1 -1 15 -1 
-1 -1 -1 -1 -1 -1 -1 -1 -1 -1 -1 -1 -1 -1 -1 -1 -1 -1 -1 18 
-1 -1 -1 -1 -1 -1 -1 -1 -1 -1 -1 -1 -1 -1 -1 -1 -1 -1 -1 -1 

13.0 18.0 17.0 8.0 
17.0 18.0 14.0 9.0 
11.0 19.0 19.0 7.0 
25.0 26.0 27.0 16.0 
15.0 17.0 16.0 10.0 
18.0 17.0 28.0 11.0 
11.0 21.0 11.0 7.0 
16.0 15.0 21.0 10.0 
18.0 23.0 20.0 12.0 
11.0 19.0 16.0 7.0 
32.0 30.0 28.0 18.0 
13.0 23.0 13.0 8.0 
11.0 13.0 10.0 6.0 
16.0 20.0 10.0 6.0 
21.0 30.0 28.0 14.0 
13.0 14.0 25.0 8.0 
18.0 12.0 20.0 8.0 
17.0 12.0 20.0 8.0 
21.0 20.0 20.0 13.0 
16.0 20.0 12.0 8.0 

0.00 0.75 1.25 0.71 
0.75 0.00 1.01 1.10 
1.25 1.01 0.00 0.61 
0.71 1.10 0.61 0.00 

0.0 4.0 2.0 3.0 
4.0 0.0 4.0 4.0 
2.0 4.0 0.0 2.0 
3.0 4.0 2.0 0.0 

16 18 14 32 20 22 14 20 24 14 36 16 12 12 28 16 16 16 26 16 

