10 3 58

-1 -1 -1 -1 21 -1 -1 -1 -1 -1 
-1 -1 -1 -1 -1 11 -1 -1 -1 -1 
-1 -1 -1 20 18 15 -1 -1 -1 -1 
-1 -1 -1 -1 -1 -1 -1 18 -1 -1 
-1 -1 -1 -1 -1 -1 17 -1 -1 -1 
-1 -1 -1 -1 -1 -1 19 8 -1 -1 
-1 -1 -1 -1 -1 -1 -1 -1 10 -1 
-1 -1 -1 -1 -1 -1 -1 -1 10 19 
-1 -1 -1 -1 -1 -1 -1 -1 -1 -1 
-1 -1 -1 -1 -1 -1 -1 -1 -1 -1 

27.0 18.0 24.0 12.0 
15.0 15.0 16.0 10.0 
22.0 27.0 24.0 14.0 
15.0 18.0 12.0 8.0 
23.0 22.0 22.0 14.0 
20.0 15.0 17.0 10.0 
18.0 24.0 25.0 12.0 
22.0 18.0 22.0 12.0 
21.0 18.0 19.0 12.0 
20.0 19.0 22.0 12.0 

0.00 1.23 0.69 0.88 
1.23 0.00 1.20 1.36 
0.69 1.20 0.00 1.06 
0.88 1.36 1.06 0.00 

0.0 2.0 2.0 3.0 
2.0 0.0 3.0 3.0 
2.0 3.0 0.0 3.0 
3.0 3.0 3.0 0.0 

24 20 28 16 28 20 24 24 24 24 

10 3 51

-1 -1 -1 9 -1 -1 -1 -1 -1 -1 
-1 -1 -1 -1 -1 -1 -1 -1 -1 18 
-1 -1 -1 7 8 -1 -1 -1 -1 -1 
-1 -1 -1 -1 -1 21 -1 -1 -1 -1 
-1 -1 -1 -1 -1 12 13 -1 -1 -1 
-1 -1 -1 -1 -1 -1 -1 17 -1 17 
-1 -1 -1 -1 -1 -1 -1 -1 19 18 
-1 -1 -1 -1 -1 -1 -1 -1 -1 -1 
-1 -1 -1 -1 -1 -1 -1 -1 -1 -1 
-1 -1 -1 -1 -1 -1 -1 -1 -1 -1 

26.0 25.0 23.0 15.0 
19.0 13.0 16.0 8.0 
19.0 22.0 24.0 12.0 
18.0 24.0 24.0 12.0 
18.0 21.0 21.0 12.0 
11.0 14.0 14.0 7.0 
16.0 12.0 14.0 8.0 
21.0 18.0 20.0 12.0 
12.0 18.0 17.0 8.0 
14.0 18.0 19.0 9.0 

0.00 1.23 0.69 0.88 
1.23 0.00 1.20 1.36 
0.69 1.20 0.00 1.06 
0.88 1.36 1.06 0.00 

0.0 2.0 2.0 3.0 
2.0 0.0 3.0 3.0 
2.0 3.0 0.0 3.0 
3.0 3.0 3.0 0.0 

30 16 24 24 24 14 16 24 16 18 

10 3 55

-1 -1 -1 -1 15 -1 -1 -1 -1 -1 
-1 -1 21 13 15 -1 -1 -1 -1 -1 
-1 -1 -1 -1 -1 -1 19 -1 -1 -1 
-1 -1 -1 -1 10 -1 -1 -1 -1 -1 
-1 -1 -1 -1 -1 13 8 -1 -1 -1 
-1 -1 -1 -1 -1 -1 -1 -1 19 11 
-1 -1 -1 -1 -1 -1 -1 11 18 20 
-1 -1 -1 -1 -1 -1 -1 -1 -1 -1 
-1 -1 -1 -1 -1 -1 -1 -1 -1 -1 
-1 -1 -1 -1 -1 -1 -1 -1 -1 -1 

21.0 22.0 16.0 10.0 
19.0 19.0 22.0 12.0 
24.0 23.0 22.0 14.0 
22.0 20.0 16.0 10.0 
16.0 22.0 19.0 10.0 
23.0 24.0 23.0 15.0 
14.0 19.0 16.0 9.0 
12.0 16.0 19.0 8.0 
21.0 20.0 27.0 13.0 
17.0 15.0 18.0 10.0 

0.00 1.23 0.69 0.88 
1.23 0.00 1.20 1.36 
0.69 1.20 0.00 1.06 
0.88 1.36 1.06 0.00 

0.0 2.0 2.0 3.0 
2.0 0.0 3.0 3.0 
2.0 3.0 0.0 3.0 
3.0 3.0 3.0 0.0 

20 24 28 20 20 30 18 16 26 20 

10 3 61

-1 7 19 -1 -1 -1 -1 -1 -1 -1 
-1 -1 -1 14 11 -1 -1 -1 -1 -1 
-1 -1 -1 -1 19 13 14 -1 -1 -1 
-1 -1 -1 -1 -1 -1 -1 -1 -1 16 
-1 -1 -1 -1 -1 -1 -1 -1 8 -1 
-1 -1 -1 -1 -1 -1 -1 -1 -1 7 
-1 -1 -1 -1 -1 -1 -1 15 17 8 
-1 -1 -1 -1 -1 -1 -1 -1 -1 -1 
-1 -1 -1 -1 -1 -1 -1 -1 -1 -1 
-1 -1 -1 -1 -1 -1 -1 -1 -1 -1 

25.0 21.0 21.0 14.0 
26.0 26.0 25.0 16.0 
17.0 17.0 17.0 11.0 
22.0 19.0 22.0 12.0 
17.0 19.0 16.0 10.0 
14.0 16.0 14.0 9.0 
22.0 20.0 23.0 13.0 
18.0 18.0 18.0 12.0 
21.0 20.0 20.0 13.0 
21.0 21.0 20.0 13.0 

0.00 0.68 1.39 1.29 
0.68 0.00 0.72 0.51 
1.39 0.72 0.00 0.60 
1.29 0.51 0.60 0.00 

0.0 4.0 2.0 2.0 
4.0 0.0 4.0 4.0 
2.0 4.0 0.0 4.0 
2.0 4.0 4.0 0.0 

28 32 22 24 20 18 26 24 26 26 

10 3 56

-1 -1 -1 15 -1 -1 -1 -1 -1 -1 
-1 -1 -1 -1 12 -1 -1 -1 -1 -1 
-1 -1 -1 11 11 -1 -1 -1 -1 21 
-1 -1 -1 -1 -1 8 -1 -1 -1 -1 
-1 -1 -1 -1 -1 10 -1 -1 -1 16 
-1 -1 -1 -1 -1 -1 11 9 9 18 
-1 -1 -1 -1 -1 -1 -1 -1 -1 -1 
-1 -1 -1 -1 -1 -1 -1 -1 -1 -1 
-1 -1 -1 -1 -1 -1 -1 -1 -1 -1 
-1 -1 -1 -1 -1 -1 -1 -1 -1 -1 

25.0 23.0 24.0 15.0 
24.0 22.0 22.0 14.0 
17.0 14.0 14.0 9.0 
21.0 23.0 23.0 14.0 
15.0 13.0 15.0 8.0 
20.0 20.0 19.0 12.0 
16.0 14.0 15.0 9.0 
14.0 17.0 17.0 9.0 
22.0 19.0 19.0 12.0 
17.0 17.0 17.0 11.0 

0.00 0.68 1.39 1.29 
0.68 0.00 0.72 0.51 
1.39 0.72 0.00 0.60 
1.29 0.51 0.60 0.00 

0.0 4.0 2.0 2.0 
4.0 0.0 4.0 4.0 
2.0 4.0 0.0 4.0 
2.0 4.0 4.0 0.0 

30 28 18 28 16 24 18 18 24 22 

10 3 59

-1 -1 -1 -1 -1 14 -1 -1 -1 -1 
-1 -1 20 -1 -1 -1 -1 -1 -1 -1 
-1 -1 -1 -1 18 -1 -1 -1 -1 -1 
-1 -1 -1 -1 20 11 -1 -1 -1 -1 
-1 -1 -1 -1 -1 -1 17 -1 -1 -1 
-1 -1 -1 -1 -1 -1 17 -1 18 -1 
-1 -1 -1 -1 -1 -1 -1 14 7 21 
-1 -1 -1 -1 -1 -1 -1 -1 -1 -1 
-1 -1 -1 -1 -1 -1 -1 -1 -1 -1 
-1 -1 -1 -1 -1 -1 -1 -1 -1 -1 

17.0 17.0 17.0 11.0 
21.0 19.0 19.0 12.0 
17.0 14.0 17.0 9.0 
22.0 24.0 20.0 13.0 
24.0 23.0 20.0 13.0 
23.0 19.0 22.0 12.0 
17.0 19.0 20.0 11.0 
19.0 20.0 22.0 12.0 
15.0 15.0 17.0 10.0 
23.0 25.0 25.0 15.0 

0.00 0.68 1.39 1.29 
0.68 0.00 0.72 0.51 
1.39 0.72 0.00 0.60 
1.29 0.51 0.60 0.00 

0.0 4.0 2.0 2.0 
4.0 0.0 4.0 4.0 
2.0 4.0 0.0 4.0 
2.0 4.0 4.0 0.0 

22 24 18 26 26 24 22 24 20 30 

10 3 43

-1 8 14 15 -1 -1 -1 -1 -1 -1 
-1 -1 -1 -1 11 -1 -1 -1 -1 -1 
-1 -1 -1 -1 -1 8 -1 -1 -1 -1 
-1 -1 -1 -1 -1 16 11 -1 -1 -1 
-1 -1 -1 -1 -1 -1 -1 -1 13 -1 
-1 -1 -1 -1 -1 -1 -1 8 -1 -1 
-1 -1 -1 -1 -1 -1 -1 -1 10 14 
-1 -1 -1 -1 -1 -1 -1 -1 -1 -1 
-1 -1 -1 -1 -1 -1 -1 -1 -1 -1 
-1 -1 -1 -1 -1 -1 -1 -1 -1 -1 

17.0 20.0 12.0 8.0 
14.0 11.0 15.0 7.0 
30.0 15.0 20.0 10.0 
19.0 13.0 22.0 8.0 
15.0 15.0 21.0 10.0 
28.0 27.0 16.0 10.0 
11.0 18.0 16.0 7.0 
24.0 15.0 25.0 10.0 
22.0 16.0 28.0 10.0 
17.0 10.0 16.0 6.0 

0.00 0.66 1.09 1.11 
0.66 0.00 1.11 1.23 
1.09 1.11 0.00 1.01 
1.11 1.23 1.01 0.00 

0.0 3.0 2.0 4.0 
3.0 0.0 4.0 3.0 
2.0 4.0 0.0 4.0 
4.0 3.0 4.0 0.0 

16 14 20 16 20 20 14 20 20 12 

10 3 49

-1 -1 -1 -1 -1 16 -1 -1 -1 -1 
-1 -1 15 -1 -1 -1 -1 -1 -1 -1 
-1 -1 -1 18 13 12 -1 -1 -1 -1 
-1 -1 -1 -1 -1 -1 13 -1 -1 9 
-1 -1 -1 -1 -1 -1 -1 -1 13 -1 
-1 -1 -1 -1 -1 -1 -1 17 8 12 
-1 -1 -1 -1 -1 -1 -1 -1 -1 -1 
-1 -1 -1 -1 -1 -1 -1 -1 -1 -1 
-1 -1 -1 -1 -1 -1 -1 -1 -1 -1 
-1 -1 -1 -1 -1 -1 -1 -1 -1 -1 

21.0 25.0 28.0 14.0 
12.0 24.0 14.0 8.0 
16.0 18.0 13.0 8.0 
19.0 11.0 21.0 7.0 
12.0 15.0 19.0 8.0 
20.0 19.0 23.0 12.0 
27.0 15.0 25.0 10.0 
17.0 18.0 20.0 11.0 
16.0 12.0 17.0 8.0 
18.0 30.0 29.0 12.0 

0.00 0.66 1.09 1.11 
0.66 0.00 1.11 1.23 
1.09 1.11 0.00 1.01 
1.11 1.23 1.01 0.00 

0.0 3.0 2.0 4.0 
3.0 0.0 4.0 3.0 
2.0 4.0 0.0 4.0 
4.0 3.0 4.0 0.0 

28 16 16 14 16 24 20 22 16 24 

10 3 49

-1 17 -1 -1 -1 -1 -1 -1 -1 -1 
-1 -1 15 17 16 9 -1 -1 -1 -1 
-1 -1 -1 -1 -1 -1 18 -1 -1 -1 
-1 -1 -1 -1 -1 -1 -1 -1 18 -1 
-1 -1 -1 -1 -1 -1 -1 17 -1 -1 
-1 -1 -1 -1 -1 -1 -1 12 15 7 
-1 -1 -1 -1 -1 -1 -1 -1 -1 -1 
-1 -1 -1 -1 -1 -1 -1 -1 -1 -1 
-1 -1 -1 -1 -1 -1 -1 -1 -1 -1 
-1 -1 -1 -1 -1 -1 -1 -1 -1 -1 

15.0 21.0 18.0 10.0 
13.0 11.0 10.0 6.0 
21.0 18.0 24.0 12.0 
22.0 24.0 19.0 12.0 
18.0 18.0 14.0 9.0 
21.0 21.0 12.0 8.0 
18.0 18.0 12.0 8.0 
19.0 22.0 30.0 12.0 
22.0 24.0 24.0 14.0 
13.0 17.0 18.0 8.0 

0.00 0.66 1.09 1.11 
0.66 0.00 1.11 1.23 
1.09 1.11 0.00 1.01 
1.11 1.23 1.01 0.00 

0.0 3.0 2.0 4.0 
3.0 0.0 4.0 3.0 
2.0 4.0 0.0 4.0 
4.0 3.0 4.0 0.0 

20 12 24 24 18 16 16 24 28 16 

10 3 57

-1 19 12 8 -1 -1 -1 -1 -1 -1 
-1 -1 -1 -1 -1 19 -1 -1 -1 -1 
-1 -1 -1 -1 17 -1 -1 -1 -1 -1 
-1 -1 -1 -1 13 7 18 -1 -1 -1 
-1 -1 -1 -1 -1 -1 14 -1 -1 -1 
-1 -1 -1 -1 -1 -1 8 -1 -1 -1 
-1 -1 -1 -1 -1 -1 -1 8 -1 -1 
-1 -1 -1 -1 -1 -1 -1 -1 21 -1 
-1 -1 -1 -1 -1 -1 -1 -1 -1 9 
-1 -1 -1 -1 -1 -1 -1 -1 -1 -1 

23.0 24.0 19.0 12.0 
15.0 12.0 15.0 8.0 
21.0 23.0 21.0 14.0 
12.0 15.0 15.0 8.0 
23.0 18.0 19.0 12.0 
13.0 16.0 14.0 8.0 
20.0 24.0 21.0 13.0 
29.0 21.0 29.0 14.0 
17.0 22.0 14.0 9.0 
25.0 26.0 25.0 16.0 

0.00 0.78 0.94 0.52 
0.78 0.00 1.02 1.15 
0.94 1.02 0.00 1.45 
0.52 1.15 1.45 0.00 

0.0 3.0 4.0 3.0 
3.0 0.0 3.0 3.0 
4.0 3.0 0.0 3.0 
3.0 3.0 3.0 0.0 

24 16 28 16 24 16 26 28 18 32 

10 3 51

-1 7 9 7 -1 -1 -1 -1 -1 -1 
-1 -1 -1 -1 -1 -1 -1 -1 16 -1 
-1 -1 -1 -1 17 -1 -1 -1 -1 -1 
-1 -1 -1 -1 14 -1 -1 -1 -1 -1 
-1 -1 -1 -1 -1 19 17 -1 -1 -1 
-1 -1 -1 -1 -1 -1 -1 13 -1 -1 
-1 -1 -1 -1 -1 -1 -1 20 14 -1 
-1 -1 -1 -1 -1 -1 -1 -1 21 -1 
-1 -1 -1 -1 -1 -1 -1 -1 -1 11 
-1 -1 -1 -1 -1 -1 -1 -1 -1 -1 

20.0 19.0 20.0 12.0 
16.0 13.0 16.0 8.0 
19.0 17.0 19.0 11.0 
15.0 20.0 16.0 10.0 
22.0 29.0 27.0 14.0 
17.0 18.0 14.0 9.0 
14.0 16.0 16.0 9.0 
18.0 22.0 15.0 10.0 
18.0 22.0 24.0 12.0 
19.0 12.0 18.0 8.0 

0.00 0.78 0.94 0.52 
0.78 0.00 1.02 1.15 
0.94 1.02 0.00 1.45 
0.52 1.15 1.45 0.00 

0.0 3.0 4.0 3.0 
3.0 0.0 3.0 3.0 
4.0 3.0 0.0 3.0 
3.0 3.0 3.0 0.0 

24 16 22 20 28 18 18 20 24 16 

10 3 51

-1 13 16 -1 -1 -1 -1 -1 -1 -1 
-1 -1 10 -1 -1 -1 -1 -1 -1 -1 
-1 -1 -1 8 -1 -1 -1 -1 -1 -1 
-1 -1 -1 -1 16 -1 -1 -1 -1 -1 
-1 -1 -1 -1 -1 10 13 -1 -1 -1 
-1 -1 -1 -1 -1 -1 -1 20 -1 -1 
-1 -1 -1 -1 -1 -1 -1 12 20 -1 
-1 -1 -1 -1 -1 -1 -1 -1 -1 15 
-1 -1 -1 -1 -1 -1 -1 -1 -1 7 
-1 -1 -1 -1 -1 -1 -1 -1 -1 -1 

17.0 13.0 12.0 8.0 
14.0 16.0 16.0 9.0 
19.0 19.0 20.0 12.0 
22.0 15.0 18.0 10.0 
22.0 20.0 16.0 10.0 
24.0 19.0 24.0 12.0 
24.0 18.0 27.0 12.0 
20.0 18.0 17.0 11.0 
22.0 16.0 21.0 10.0 
14.0 22.0 20.0 9.0 

0.00 0.78 0.94 0.52 
0.78 0.00 1.02 1.15 
0.94 1.02 0.00 1.45 
0.52 1.15 1.45 0.00 

0.0 3.0 4.0 3.0 
3.0 0.0 3.0 3.0 
4.0 3.0 0.0 3.0 
3.0 3.0 3.0 0.0 

16 18 24 20 20 24 24 22 20 18 

10 3 58

-1 21 8 -1 -1 -1 -1 -1 -1 -1 
-1 -1 -1 10 -1 -1 -1 -1 -1 -1 
-1 -1 -1 13 -1 -1 -1 -1 -1 -1 
-1 -1 -1 -1 11 20 14 -1 -1 -1 
-1 -1 -1 -1 -1 -1 -1 -1 14 -1 
-1 -1 -1 -1 -1 -1 -1 -1 -1 9 
-1 -1 -1 -1 -1 -1 -1 9 -1 -1 
-1 -1 -1 -1 -1 -1 -1 -1 20 -1 
-1 -1 -1 -1 -1 -1 -1 -1 -1 13 
-1 -1 -1 -1 -1 -1 -1 -1 -1 -1 

15.0 18.0 15.0 10.0 
15.0 15.0 15.0 10.0 
23.0 22.0 20.0 13.0 
14.0 14.0 15.0 9.0 
26.0 24.0 26.0 16.0 
23.0 21.0 20.0 13.0 
14.0 15.0 14.0 9.0 
22.0 18.0 22.0 12.0 
15.0 15.0 16.0 10.0 
21.0 21.0 25.0 14.0 

0.00 1.41 1.15 1.27 
1.41 0.00 0.55 0.60 
1.15 0.55 0.00 1.50 
1.27 0.60 1.50 0.00 

0.0 2.0 4.0 3.0 
2.0 0.0 4.0 2.0 
4.0 4.0 0.0 4.0 
3.0 2.0 4.0 0.0 

20 20 26 18 32 26 18 24 20 28 

10 3 56

-1 7 -1 -1 -1 -1 -1 -1 -1 -1 
-1 -1 16 7 -1 -1 -1 -1 -1 -1 
-1 -1 -1 -1 11 -1 -1 -1 -1 -1 
-1 -1 -1 -1 19 -1 -1 8 -1 -1 
-1 -1 -1 -1 -1 7 7 -1 -1 -1 
-1 -1 -1 -1 -1 -1 -1 -1 21 -1 
-1 -1 -1 -1 -1 -1 -1 10 14 -1 
-1 -1 -1 -1 -1 -1 -1 -1 -1 11 
-1 -1 -1 -1 -1 -1 -1 -1 -1 13 
-1 -1 -1 -1 -1 -1 -1 -1 -1 -1 

21.0 18.0 18.0 12.0 
14.0 15.0 13.0 8.0 
23.0 25.0 25.0 15.0 
16.0 14.0 15.0 9.0 
24.0 22.0 21.0 14.0 
16.0 16.0 14.0 9.0 
13.0 15.0 14.0 8.0 
15.0 15.0 14.0 9.0 
21.0 23.0 21.0 14.0 
25.0 24.0 22.0 14.0 

0.00 1.41 1.15 1.27 
1.41 0.00 0.55 0.60 
1.15 0.55 0.00 1.50 
1.27 0.60 1.50 0.00 

0.0 2.0 4.0 3.0 
2.0 0.0 4.0 2.0 
4.0 4.0 0.0 4.0 
3.0 2.0 4.0 0.0 

24 16 30 18 28 18 16 18 28 28 

10 3 55

-1 -1 16 20 -1 -1 -1 -1 -1 -1 
-1 -1 -1 14 11 -1 -1 -1 -1 -1 
-1 -1 -1 -1 -1 19 -1 -1 -1 -1 
-1 -1 -1 -1 -1 -1 -1 -1 -1 17 
-1 -1 -1 -1 -1 10 15 -1 -1 -1 
-1 -1 -1 -1 -1 -1 13 -1 -1 -1 
-1 -1 -1 -1 -1 -1 -1 9 -1 -1 
-1 -1 -1 -1 -1 -1 -1 -1 13 -1 
-1 -1 -1 -1 -1 -1 -1 -1 -1 17 
-1 -1 -1 -1 -1 -1 -1 -1 -1 -1 

22.0 22.0 21.0 14.0 
15.0 15.0 13.0 8.0 
21.0 19.0 20.0 12.0 
19.0 18.0 19.0 12.0 
18.0 17.0 18.0 11.0 
17.0 20.0 17.0 11.0 
18.0 19.0 19.0 12.0 
19.0 23.0 23.0 12.0 
13.0 14.0 14.0 8.0 
19.0 17.0 19.0 11.0 

0.00 1.41 1.15 1.27 
1.41 0.00 0.55 0.60 
1.15 0.55 0.00 1.50 
1.27 0.60 1.50 0.00 

0.0 2.0 4.0 3.0 
2.0 0.0 4.0 2.0 
4.0 4.0 0.0 4.0 
3.0 2.0 4.0 0.0 

28 16 24 24 22 22 24 24 16 22 

10 3 50

-1 -1 -1 19 -1 -1 -1 -1 -1 -1 
-1 -1 18 -1 -1 -1 -1 -1 -1 -1 
-1 -1 -1 12 -1 -1 -1 -1 -1 -1 
-1 -1 -1 -1 13 -1 -1 -1 -1 -1 
-1 -1 -1 -1 -1 9 -1 -1 -1 -1 
-1 -1 -1 -1 -1 -1 17 15 -1 -1 
-1 -1 -1 -1 -1 -1 -1 -1 12 -1 
-1 -1 -1 -1 -1 -1 -1 -1 16 21 
-1 -1 -1 -1 -1 -1 -1 -1 -1 -1 
-1 -1 -1 -1 -1 -1 -1 -1 -1 -1 

16.0 13.0 14.0 8.0 
11.0 15.0 20.0 7.0 
22.0 26.0 18.0 12.0 
17.0 31.0 30.0 11.0 
21.0 22.0 20.0 13.0 
20.0 15.0 15.0 10.0 
24.0 18.0 17.0 11.0 
23.0 17.0 25.0 11.0 
22.0 18.0 12.0 8.0 
27.0 21.0 15.0 10.0 

0.00 1.40 1.20 0.98 
1.40 0.00 1.40 0.79 
1.20 1.40 0.00 0.51 
0.98 0.79 0.51 0.00 

0.0 2.0 2.0 4.0 
2.0 0.0 3.0 2.0 
2.0 3.0 0.0 2.0 
4.0 2.0 2.0 0.0 

16 14 24 22 26 20 22 22 16 20 

10 3 45

-1 7 10 10 -1 -1 -1 -1 -1 -1 
-1 -1 -1 -1 13 -1 -1 -1 -1 -1 
-1 -1 -1 -1 -1 18 -1 -1 -1 -1 
-1 -1 -1 -1 7 8 -1 -1 17 -1 
-1 -1 -1 -1 -1 -1 -1 8 -1 -1 
-1 -1 -1 -1 -1 -1 12 -1 -1 -1 
-1 -1 -1 -1 -1 -1 -1 19 -1 -1 
-1 -1 -1 -1 -1 -1 -1 -1 15 -1 
-1 -1 -1 -1 -1 -1 -1 -1 -1 8 
-1 -1 -1 -1 -1 -1 -1 -1 -1 -1 

22.0 22.0 16.0 10.0 
15.0 16.0 21.0 10.0 
19.0 19.0 25.0 12.0 
22.0 15.0 13.0 8.0 
14.0 21.0 20.0 9.0 
23.0 20.0 14.0 9.0 
14.0 15.0 11.0 7.0 
13.0 19.0 13.0 8.0 
13.0 13.0 24.0 8.0 
15.0 27.0 23.0 10.0 

0.00 1.40 1.20 0.98 
1.40 0.00 1.40 0.79 
1.20 1.40 0.00 0.51 
0.98 0.79 0.51 0.00 

0.0 2.0 2.0 4.0 
2.0 0.0 3.0 2.0 
2.0 3.0 0.0 2.0 
4.0 2.0 2.0 0.0 

20 20 24 16 18 18 14 16 16 20 

10 3 45

-1 13 9 -1 -1 -1 -1 -1 -1 -1 
-1 -1 -1 19 -1 -1 -1 -1 -1 -1 
-1 -1 -1 11 -1 -1 -1 -1 -1 -1 
-1 -1 -1 -1 17 -1 -1 -1 -1 -1 
-1 -1 -1 -1 -1 14 13 -1 -1 -1 
-1 -1 -1 -1 -1 -1 -1 -1 15 -1 
-1 -1 -1 -1 -1 -1 -1 8 13 -1 
-1 -1 -1 -1 -1 -1 -1 -1 -1 21 
-1 -1 -1 -1 -1 -1 -1 -1 -1 8 
-1 -1 -1 -1 -1 -1 -1 -1 -1 -1 

17.0 21.0 21.0 11.0 
23.0 18.0 16.0 10.0 
14.0 16.0 14.0 9.0 
24.0 20.0 25.0 13.0 
13.0 18.0 13.0 8.0 
14.0 19.0 30.0 9.0 
14.0 13.0 21.0 8.0 
14.0 16.0 11.0 7.0 
13.0 22.0 25.0 8.0 
11.0 16.0 16.0 7.0 

0.00 1.40 1.20 0.98 
1.40 0.00 1.40 0.79 
1.20 1.40 0.00 0.51 
0.98 0.79 0.51 0.00 

0.0 2.0 2.0 4.0 
2.0 0.0 3.0 2.0 
2.0 3.0 0.0 2.0 
4.0 2.0 2.0 0.0 

22 20 18 26 16 18 16 14 16 14 

10 3 53

-1 -1 -1 -1 -1 16 -1 -1 -1 -1 
-1 -1 -1 -1 10 -1 -1 -1 -1 -1 
-1 -1 -1 -1 -1 -1 21 -1 -1 -1 
-1 -1 -1 -1 -1 12 16 11 -1 -1 
-1 -1 -1 -1 -1 16 -1 -1 -1 -1 
-1 -1 -1 -1 -1 -1 -1 -1 -1 16 
-1 -1 -1 -1 -1 -1 -1 -1 10 -1 
-1 -1 -1 -1 -1 -1 -1 -1 14 12 
-1 -1 -1 -1 -1 -1 -1 -1 -1 -1 
-1 -1 -1 -1 -1 -1 -1 -1 -1 -1 

27.0 20.0 24.0 13.0 
15.0 15.0 13.0 8.0 
13.0 15.0 19.0 8.0 
17.0 21.0 26.0 11.0 
16.0 18.0 19.0 10.0 
20.0 19.0 18.0 12.0 
21.0 24.0 15.0 10.0 
18.0 15.0 21.0 10.0 
19.0 21.0 21.0 12.0 
20.0 27.0 22.0 13.0 

0.00 1.33 0.79 0.65 
1.33 0.00 0.56 1.31 
0.79 0.56 0.00 1.13 
0.65 1.31 1.13 0.00 

0.0 4.0 2.0 4.0 
4.0 0.0 3.0 3.0 
2.0 3.0 0.0 4.0 
4.0 3.0 4.0 0.0 

26 16 16 22 20 24 20 20 24 26 

10 3 55

-1 -1 -1 -1 -1 -1 -1 16 -1 -1 
-1 -1 -1 -1 -1 -1 18 -1 -1 -1 
-1 -1 -1 -1 -1 -1 -1 -1 13 -1 
-1 -1 -1 -1 -1 -1 -1 21 -1 -1 
-1 -1 -1 -1 -1 -1 17 -1 -1 -1 
-1 -1 -1 -1 -1 -1 10 19 -1 19 
-1 -1 -1 -1 -1 -1 -1 -1 10 -1 
-1 -1 -1 -1 -1 -1 -1 -1 11 21 
-1 -1 -1 -1 -1 -1 -1 -1 -1 -1 
-1 -1 -1 -1 -1 -1 -1 -1 -1 -1 

16.0 17.0 14.0 9.0 
18.0 14.0 18.0 9.0 
17.0 23.0 18.0 11.0 
20.0 18.0 20.0 12.0 
16.0 24.0 18.0 10.0 
18.0 19.0 15.0 10.0 
22.0 22.0 22.0 14.0 
16.0 16.0 13.0 8.0 
27.0 22.0 26.0 14.0 
28.0 28.0 21.0 14.0 

0.00 1.33 0.79 0.65 
1.33 0.00 0.56 1.31 
0.79 0.56 0.00 1.13 
0.65 1.31 1.13 0.00 

0.0 4.0 2.0 4.0 
4.0 0.0 3.0 3.0 
2.0 3.0 0.0 4.0 
4.0 3.0 4.0 0.0 

18 18 22 24 20 20 28 16 28 28 

10 3 57

-1 -1 -1 17 -1 -1 10 -1 -1 -1 
-1 -1 -1 -1 17 20 -1 -1 -1 -1 
-1 -1 -1 9 10 8 15 -1 -1 -1 
-1 -1 -1 -1 -1 -1 -1 10 -1 -1 
-1 -1 -1 -1 -1 -1 -1 -1 11 -1 
-1 -1 -1 -1 -1 -1 -1 14 -1 -1 
-1 -1 -1 -1 -1 -1 -1 -1 16 12 
-1 -1 -1 -1 -1 -1 -1 -1 -1 -1 
-1 -1 -1 -1 -1 -1 -1 -1 -1 -1 
-1 -1 -1 -1 -1 -1 -1 -1 -1 -1 

20.0 19.0 26.0 12.0 
24.0 23.0 22.0 14.0 
19.0 22.0 15.0 10.0 
19.0 13.0 17.0 8.0 
18.0 26.0 22.0 12.0 
24.0 18.0 22.0 12.0 
24.0 19.0 23.0 12.0 
15.0 17.0 17.0 10.0 
18.0 22.0 16.0 10.0 
24.0 21.0 25.0 14.0 

0.00 1.33 0.79 0.65 
1.33 0.00 0.56 1.31 
0.79 0.56 0.00 1.13 
0.65 1.31 1.13 0.00 

0.0 4.0 2.0 4.0 
4.0 0.0 3.0 3.0 
2.0 3.0 0.0 4.0 
4.0 3.0 4.0 0.0 

24 28 20 16 24 24 24 20 20 28 

10 3 52

-1 -1 11 -1 9 -1 -1 -1 -1 -1 
-1 -1 -1 19 7 -1 -1 -1 -1 -1 
-1 -1 -1 -1 -1 -1 -1 -1 -1 15 
-1 -1 -1 -1 -1 14 -1 8 -1 -1 
-1 -1 -1 -1 -1 -1 11 13 8 7 
-1 -1 -1 -1 -1 -1 -1 -1 -1 -1 
-1 -1 -1 -1 -1 -1 -1 -1 -1 -1 
-1 -1 -1 -1 -1 -1 -1 -1 -1 -1 
-1 -1 -1 -1 -1 -1 -1 -1 -1 -1 
-1 -1 -1 -1 -1 -1 -1 -1 -1 -1 

14.0 14.0 14.0 9.0 
16.0 15.0 17.0 10.0 
13.0 13.0 14.0 8.0 
26.0 25.0 26.0 16.0 
14.0 16.0 17.0 9.0 
15.0 15.0 17.0 10.0 
23.0 19.0 20.0 12.0 
18.0 19.0 22.0 12.0 
16.0 18.0 16.0 10.0 
14.0 13.0 15.0 8.0 

0.00 1.09 1.06 1.13 
1.09 0.00 0.73 0.86 
1.06 0.73 0.00 0.60 
1.13 0.86 0.60 0.00 

0.0 2.0 3.0 2.0 
2.0 0.0 2.0 4.0 
3.0 2.0 0.0 4.0 
2.0 4.0 4.0 0.0 

18 20 16 32 18 20 24 24 20 16 

10 3 61

-1 -1 -1 -1 -1 -1 14 -1 -1 -1 
-1 -1 -1 -1 -1 14 -1 -1 -1 -1 
-1 -1 -1 -1 -1 -1 -1 14 -1 -1 
-1 -1 -1 -1 21 20 15 -1 -1 -1 
-1 -1 -1 -1 -1 -1 -1 14 -1 -1 
-1 -1 -1 -1 -1 -1 -1 -1 21 -1 
-1 -1 -1 -1 -1 -1 -1 -1 15 19 
-1 -1 -1 -1 -1 -1 -1 -1 -1 -1 
-1 -1 -1 -1 -1 -1 -1 -1 -1 -1 
-1 -1 -1 -1 -1 -1 -1 -1 -1 -1 

22.0 21.0 24.0 14.0 
23.0 19.0 21.0 12.0 
16.0 16.0 17.0 10.0 
17.0 18.0 17.0 11.0 
24.0 23.0 25.0 15.0 
17.0 17.0 18.0 11.0 
15.0 15.0 15.0 10.0 
18.0 19.0 17.0 11.0 
25.0 26.0 24.0 16.0 
20.0 21.0 23.0 13.0 

0.00 1.09 1.06 1.13 
1.09 0.00 0.73 0.86 
1.06 0.73 0.00 0.60 
1.13 0.86 0.60 0.00 

0.0 2.0 3.0 2.0 
2.0 0.0 2.0 4.0 
3.0 2.0 0.0 4.0 
2.0 4.0 4.0 0.0 

28 24 20 22 30 22 20 22 32 26 

10 3 57

-1 -1 -1 -1 -1 16 -1 -1 -1 -1 
-1 -1 -1 -1 -1 7 -1 -1 -1 -1 
-1 -1 -1 -1 10 -1 -1 -1 -1 -1 
-1 -1 -1 -1 -1 -1 18 -1 -1 -1 
-1 -1 -1 -1 -1 7 20 12 -1 -1 
-1 -1 -1 -1 -1 -1 -1 21 15 -1 
-1 -1 -1 -1 -1 -1 -1 -1 15 7 
-1 -1 -1 -1 -1 -1 -1 -1 -1 -1 
-1 -1 -1 -1 -1 -1 -1 -1 -1 -1 
-1 -1 -1 -1 -1 -1 -1 -1 -1 -1 

25.0 26.0 23.0 15.0 
22.0 21.0 23.0 14.0 
15.0 17.0 18.0 10.0 
17.0 17.0 17.0 11.0 
20.0 21.0 18.0 12.0 
19.0 19.0 18.0 12.0 
17.0 17.0 17.0 11.0 
16.0 18.0 15.0 10.0 
18.0 16.0 17.0 10.0 
18.0 16.0 17.0 10.0 

0.00 1.09 1.06 1.13 
1.09 0.00 0.73 0.86 
1.06 0.73 0.00 0.60 
1.13 0.86 0.60 0.00 

0.0 2.0 3.0 2.0 
2.0 0.0 2.0 4.0 
3.0 2.0 0.0 4.0 
2.0 4.0 4.0 0.0 

30 28 20 22 24 24 22 20 20 20 

10 3 46

-1 -1 -1 11 -1 -1 -1 -1 -1 -1 
-1 -1 -1 10 -1 -1 9 -1 -1 -1 
-1 -1 -1 -1 12 21 7 -1 -1 -1 
-1 -1 -1 -1 -1 -1 20 -1 -1 -1 
-1 -1 -1 -1 -1 -1 -1 15 -1 -1 
-1 -1 -1 -1 -1 -1 -1 -1 -1 20 
-1 -1 -1 -1 -1 -1 -1 -1 19 7 
-1 -1 -1 -1 -1 -1 -1 -1 -1 -1 
-1 -1 -1 -1 -1 -1 -1 -1 -1 -1 
-1 -1 -1 -1 -1 -1 -1 -1 -1 -1 

15.0 11.0 21.0 7.0 
11.0 12.0 17.0 7.0 
11.0 11.0 9.0 6.0 
22.0 20.0 23.0 13.0 
15.0 20.0 16.0 10.0 
26.0 31.0 15.0 10.0 
19.0 14.0 14.0 9.0 
24.0 21.0 13.0 8.0 
17.0 21.0 22.0 11.0 
18.0 19.0 19.0 12.0 

0.00 1.43 0.92 0.68 
1.43 0.00 1.38 0.53 
0.92 1.38 0.00 1.02 
0.68 0.53 1.02 0.00 

0.0 2.0 4.0 3.0 
2.0 0.0 3.0 4.0 
4.0 3.0 0.0 4.0 
3.0 4.0 4.0 0.0 

14 14 12 26 20 20 18 16 22 24 

10 3 46

-1 -1 -1 19 -1 -1 -1 -1 -1 -1 
-1 -1 -1 -1 -1 20 -1 -1 -1 -1 
-1 -1 -1 -1 12 16 -1 -1 -1 -1 
-1 -1 -1 -1 -1 -1 -1 -1 19 -1 
-1 -1 -1 -1 -1 -1 -1 -1 -1 9 
-1 -1 -1 -1 -1 -1 17 11 21 10 
-1 -1 -1 -1 -1 -1 -1 -1 -1 -1 
-1 -1 -1 -1 -1 -1 -1 -1 -1 -1 
-1 -1 -1 -1 -1 -1 -1 -1 -1 -1 
-1 -1 -1 -1 -1 -1 -1 -1 -1 -1 

17.0 17.0 15.0 10.0 
11.0 19.0 11.0 7.0 
12.0 18.0 12.0 8.0 
22.0 19.0 16.0 10.0 
11.0 16.0 15.0 7.0 
17.0 14.0 15.0 9.0 
17.0 25.0 18.0 11.0 
15.0 16.0 19.0 10.0 
20.0 23.0 22.0 13.0 
11.0 23.0 21.0 7.0 

0.00 1.43 0.92 0.68 
1.43 0.00 1.38 0.53 
0.92 1.38 0.00 1.02 
0.68 0.53 1.02 0.00 

0.0 2.0 4.0 3.0 
2.0 0.0 3.0 4.0 
4.0 3.0 0.0 4.0 
3.0 4.0 4.0 0.0 

20 14 16 20 14 18 22 20 26 14 

10 3 46

-1 -1 -1 -1 14 -1 19 -1 -1 -1 
-1 -1 -1 -1 -1 10 -1 -1 -1 -1 
-1 -1 -1 13 16 16 19 -1 -1 -1 
-1 -1 -1 -1 -1 -1 -1 16 -1 -1 
-1 -1 -1 -1 -1 -1 -1 -1 19 -1 
-1 -1 -1 -1 -1 -1 -1 -1 -1 16 
-1 -1 -1 -1 -1 -1 -1 -1 11 10 
-1 -1 -1 -1 -1 -1 -1 -1 -1 -1 
-1 -1 -1 -1 -1 -1 -1 -1 -1 -1 
-1 -1 -1 -1 -1 -1 -1 -1 -1 -1 

12.0 20.0 19.0 8.0 
17.0 17.0 19.0 11.0 
23.0 14.0 23.0 9.0 
25.0 30.0 16.0 10.0 
19.0 10.0 10.0 6.0 
16.0 20.0 23.0 10.0 
17.0 21.0 14.0 9.0 
28.0 32.0 21.0 14.0 
9.0 15.0 10.0 6.0 
20.0 21.0 15.0 10.0 

0.00 1.43 0.92 0.68 
1.43 0.00 1.38 0.53 
0.92 1.38 0.00 1.02 
0.68 0.53 1.02 0.00 

0.0 2.0 4.0 3.0 
2.0 0.0 3.0 4.0 
4.0 3.0 0.0 4.0 
3.0 4.0 4.0 0.0 

16 22 18 20 12 20 18 28 12 20 

10 3 58

-1 -1 1 1 -1 -1 -1 -1 -1 -1 
-1 -1 -1 2 2 3 -1 -1 -1 -1 
-1 -1 -1 1 -1 -1 -1 -1 -1 -1 
-1 -1 -1 -1 -1 -1 3 -1 -1 -1 
-1 -1 -1 -1 -1 -1 3 -1 -1 -1 
-1 -1 -1 -1 -1 -1 1 -1 -1 -1 
-1 -1 -1 -1 -1 -1 -1 2 2 3 
-1 -1 -1 -1 -1 -1 -1 -1 -1 -1 
-1 -1 -1 -1 -1 -1 -1 -1 -1 -1 
-1 -1 -1 -1 -1 -1 -1 -1 -1 -1 

18.0 18.0 13.0 8.0 
16.0 25.0 25.0 10.0 
22.0 19.0 21.0 12.0 
25.0 26.0 25.0 16.0 
23.0 22.0 20.0 13.0 
29.0 18.0 27.0 12.0 
19.0 24.0 26.0 12.0 
14.0 18.0 15.0 9.0 
18.0 21.0 20.0 12.0 
24.0 18.0 20.0 12.0 

0.00 0.50 1.01 0.55 
0.50 0.00 0.84 0.85 
1.01 0.84 0.00 0.67 
0.55 0.85 0.67 0.00 

0.0 4.0 2.0 4.0 
4.0 0.0 3.0 3.0 
2.0 3.0 0.0 3.0 
4.0 3.0 3.0 0.0 

16 20 24 32 26 24 24 18 24 24 

10 3 55

-1 -1 2 -1 -1 -1 -1 -1 -1 -1 
-1 -1 3 3 -1 -1 -1 -1 -1 -1 
-1 -1 -1 -1 -1 2 -1 -1 -1 -1 
-1 -1 -1 -1 2 2 3 -1 -1 -1 
-1 -1 -1 -1 -1 -1 -1 2 -1 -1 
-1 -1 -1 -1 -1 -1 -1 -1 -1 3 
-1 -1 -1 -1 -1 -1 -1 -1 1 2 
-1 -1 -1 -1 -1 -1 -1 -1 -1 -1 
-1 -1 -1 -1 -1 -1 -1 -1 -1 -1 
-1 -1 -1 -1 -1 -1 -1 -1 -1 -1 

25.0 22.0 21.0 14.0 
24.0 24.0 17.0 11.0 
19.0 23.0 24.0 12.0 
23.0 17.0 22.0 11.0 
18.0 18.0 18.0 12.0 
19.0 20.0 20.0 12.0 
12.0 15.0 15.0 8.0 
16.0 16.0 12.0 8.0 
17.0 12.0 12.0 8.0 
22.0 24.0 24.0 14.0 

0.00 0.50 1.01 0.55 
0.50 0.00 0.84 0.85 
1.01 0.84 0.00 0.67 
0.55 0.85 0.67 0.00 

0.0 4.0 2.0 4.0 
4.0 0.0 3.0 3.0 
2.0 3.0 0.0 3.0 
4.0 3.0 3.0 0.0 

28 22 24 22 24 24 16 16 16 28 

10 3 49

-1 -1 -1 -1 2 -1 -1 -1 -1 -1 
-1 -1 1 1 3 -1 -1 -1 -1 -1 
-1 -1 -1 -1 -1 -1 -1 -1 1 -1 
-1 -1 -1 -1 -1 -1 -1 -1 1 -1 
-1 -1 -1 -1 -1 2 -1 -1 -1 -1 
-1 -1 -1 -1 -1 -1 2 2 1 3 
-1 -1 -1 -1 -1 -1 -1 -1 -1 -1 
-1 -1 -1 -1 -1 -1 -1 -1 -1 -1 
-1 -1 -1 -1 -1 -1 -1 -1 -1 -1 
-1 -1 -1 -1 -1 -1 -1 -1 -1 -1 

21.0 20.0 27.0 13.0 
14.0 15.0 21.0 9.0 
16.0 12.0 18.0 8.0 
13.0 14.0 14.0 8.0 
15.0 21.0 16.0 10.0 
13.0 14.0 21.0 8.0 
18.0 18.0 17.0 11.0 
15.0 20.0 21.0 10.0 
15.0 19.0 16.0 10.0 
18.0 20.0 22.0 12.0 

0.00 0.50 1.01 0.55 
0.50 0.00 0.84 0.85 
1.01 0.84 0.00 0.67 
0.55 0.85 0.67 0.00 

0.0 4.0 2.0 4.0 
4.0 0.0 3.0 3.0 
2.0 3.0 0.0 3.0 
4.0 3.0 3.0 0.0 

26 18 16 16 20 16 22 20 20 24 

10 3 58

-1 -1 -1 3 -1 -1 -1 -1 -1 -1 
-1 -1 2 1 -1 -1 -1 -1 -1 -1 
-1 -1 -1 -1 2 -1 -1 -1 -1 -1 
-1 -1 -1 -1 2 2 -1 -1 -1 -1 
-1 -1 -1 -1 -1 -1 3 -1 3 -1 
-1 -1 -1 -1 -1 -1 -1 2 1 2 
-1 -1 -1 -1 -1 -1 -1 -1 -1 -1 
-1 -1 -1 -1 -1 -1 -1 -1 -1 -1 
-1 -1 -1 -1 -1 -1 -1 -1 -1 -1 
-1 -1 -1 -1 -1 -1 -1 -1 -1 -1 

25.0 21.0 24.0 14.0 
14.0 14.0 14.0 9.0 
15.0 16.0 16.0 10.0 
15.0 15.0 15.0 10.0 
21.0 18.0 21.0 12.0 
15.0 14.0 16.0 9.0 
19.0 21.0 21.0 12.0 
18.0 19.0 19.0 12.0 
23.0 24.0 23.0 15.0 
20.0 22.0 20.0 13.0 

0.00 1.44 1.05 1.13 
1.44 0.00 1.33 0.59 
1.05 1.33 0.00 0.80 
1.13 0.59 0.80 0.00 

0.0 4.0 2.0 2.0 
4.0 0.0 4.0 4.0 
2.0 4.0 0.0 2.0 
2.0 4.0 2.0 0.0 

28 18 20 20 24 18 24 24 30 26 

10 3 55

-1 -1 2 1 -1 -1 -1 -1 -1 -1 
-1 -1 -1 1 1 -1 -1 -1 -1 -1 
-1 -1 -1 -1 -1 -1 3 -1 -1 -1 
-1 -1 -1 -1 -1 -1 -1 -1 -1 2 
-1 -1 -1 -1 -1 1 2 -1 -1 -1 
-1 -1 -1 -1 -1 -1 -1 2 -1 2 
-1 -1 -1 -1 -1 -1 -1 -1 2 2 
-1 -1 -1 -1 -1 -1 -1 -1 -1 -1 
-1 -1 -1 -1 -1 -1 -1 -1 -1 -1 
-1 -1 -1 -1 -1 -1 -1 -1 -1 -1 

21.0 18.0 18.0 12.0 
14.0 14.0 14.0 9.0 
15.0 17.0 18.0 10.0 
15.0 15.0 16.0 10.0 
19.0 20.0 18.0 12.0 
21.0 19.0 17.0 11.0 
17.0 17.0 16.0 10.0 
21.0 19.0 21.0 12.0 
17.0 19.0 18.0 11.0 
26.0 26.0 21.0 14.0 

0.00 1.44 1.05 1.13 
1.44 0.00 1.33 0.59 
1.05 1.33 0.00 0.80 
1.13 0.59 0.80 0.00 

0.0 4.0 2.0 2.0 
4.0 0.0 4.0 4.0 
2.0 4.0 0.0 2.0 
2.0 4.0 2.0 0.0 

24 18 20 20 24 22 20 24 22 28 

10 3 55

-1 -1 -1 -1 -1 -1 -1 -1 2 -1 
-1 -1 -1 -1 -1 -1 -1 -1 1 -1 
-1 -1 -1 3 -1 -1 -1 -1 -1 -1 
-1 -1 -1 -1 2 2 1 2 -1 -1 
-1 -1 -1 -1 -1 -1 -1 -1 3 -1 
-1 -1 -1 -1 -1 -1 -1 1 -1 -1 
-1 -1 -1 -1 -1 -1 -1 -1 3 -1 
-1 -1 -1 -1 -1 -1 -1 -1 1 1 
-1 -1 -1 -1 -1 -1 -1 -1 -1 -1 
-1 -1 -1 -1 -1 -1 -1 -1 -1 -1 

22.0 20.0 24.0 13.0 
25.0 22.0 23.0 14.0 
15.0 15.0 15.0 10.0 
14.0 14.0 15.0 9.0 
21.0 22.0 20.0 13.0 
15.0 15.0 14.0 9.0 
16.0 18.0 15.0 10.0 
20.0 19.0 21.0 12.0 
14.0 14.0 14.0 9.0 
18.0 21.0 21.0 12.0 

0.00 1.44 1.05 1.13 
1.44 0.00 1.33 0.59 
1.05 1.33 0.00 0.80 
1.13 0.59 0.80 0.00 

0.0 4.0 2.0 2.0 
4.0 0.0 4.0 4.0 
2.0 4.0 0.0 2.0 
2.0 4.0 2.0 0.0 

26 28 20 18 26 18 20 24 18 24 

10 3 48

-1 -1 -1 -1 -1 2 -1 -1 -1 -1 
-1 -1 -1 1 -1 -1 -1 -1 -1 -1 
-1 -1 -1 -1 3 1 -1 -1 -1 -1 
-1 -1 -1 -1 -1 -1 -1 2 -1 -1 
-1 -1 -1 -1 -1 -1 3 -1 -1 -1 
-1 -1 -1 -1 -1 -1 3 -1 -1 -1 
-1 -1 -1 -1 -1 -1 -1 2 1 2 
-1 -1 -1 -1 -1 -1 -1 -1 -1 -1 
-1 -1 -1 -1 -1 -1 -1 -1 -1 -1 
-1 -1 -1 -1 -1 -1 -1 -1 -1 -1 

22.0 20.0 14.0 9.0 
11.0 20.0 20.0 7.0 
25.0 16.0 21.0 10.0 
16.0 16.0 25.0 10.0 
25.0 29.0 14.0 9.0 
17.0 17.0 19.0 11.0 
13.0 25.0 20.0 8.0 
26.0 20.0 14.0 9.0 
23.0 20.0 26.0 13.0 
19.0 21.0 16.0 10.0 

0.00 0.68 0.78 1.07 
0.68 0.00 1.28 1.48 
0.78 1.28 0.00 0.95 
1.07 1.48 0.95 0.00 

0.0 2.0 4.0 4.0 
2.0 0.0 4.0 3.0 
4.0 4.0 0.0 3.0 
4.0 3.0 3.0 0.0 

18 14 20 20 18 22 16 18 26 20 

10 3 49

-1 2 -1 -1 -1 -1 -1 -1 -1 -1 
-1 -1 -1 -1 1 -1 -1 -1 -1 -1 
-1 -1 -1 2 -1 -1 -1 -1 -1 -1 
-1 -1 -1 -1 1 3 1 3 -1 -1 
-1 -1 -1 -1 -1 -1 -1 -1 2 -1 
-1 -1 -1 -1 -1 -1 -1 -1 1 -1 
-1 -1 -1 -1 -1 -1 -1 -1 -1 1 
-1 -1 -1 -1 -1 -1 -1 -1 3 2 
-1 -1 -1 -1 -1 -1 -1 -1 -1 -1 
-1 -1 -1 -1 -1 -1 -1 -1 -1 -1 

21.0 22.0 26.0 14.0 
18.0 9.0 18.0 6.0 
17.0 19.0 24.0 11.0 
14.0 22.0 17.0 9.0 
12.0 18.0 26.0 8.0 
16.0 27.0 17.0 10.0 
15.0 19.0 15.0 10.0 
19.0 14.0 22.0 9.0 
13.0 11.0 14.0 7.0 
30.0 28.0 22.0 14.0 

0.00 0.68 0.78 1.07 
0.68 0.00 1.28 1.48 
0.78 1.28 0.00 0.95 
1.07 1.48 0.95 0.00 

0.0 2.0 4.0 4.0 
2.0 0.0 4.0 3.0 
4.0 4.0 0.0 3.0 
4.0 3.0 3.0 0.0 

28 12 22 18 16 20 20 18 14 28 

10 3 44

-1 -1 2 1 -1 -1 -1 -1 -1 -1 
-1 -1 -1 2 3 -1 -1 -1 -1 -1 
-1 -1 -1 -1 -1 -1 -1 3 -1 -1 
-1 -1 -1 -1 -1 -1 3 -1 -1 -1 
-1 -1 -1 -1 -1 3 2 2 -1 -1 
-1 -1 -1 -1 -1 -1 1 -1 -1 -1 
-1 -1 -1 -1 -1 -1 -1 -1 3 -1 
-1 -1 -1 -1 -1 -1 -1 -1 3 3 
-1 -1 -1 -1 -1 -1 -1 -1 -1 -1 
-1 -1 -1 -1 -1 -1 -1 -1 -1 -1 

19.0 20.0 28.0 12.0 
16.0 16.0 23.0 10.0 
15.0 24.0 21.0 10.0 
17.0 12.0 11.0 7.0 
21.0 14.0 17.0 9.0 
23.0 14.0 11.0 7.0 
22.0 14.0 19.0 9.0 
14.0 14.0 18.0 9.0 
11.0 24.0 15.0 7.0 
16.0 12.0 24.0 8.0 

0.00 0.68 0.78 1.07 
0.68 0.00 1.28 1.48 
0.78 1.28 0.00 0.95 
1.07 1.48 0.95 0.00 

0.0 2.0 4.0 4.0 
2.0 0.0 4.0 3.0 
4.0 4.0 0.0 3.0 
4.0 3.0 3.0 0.0 

24 20 20 14 18 14 18 18 14 16 

10 3 48

-1 3 -1 -1 -1 -1 -1 -1 -1 -1 
-1 -1 3 3 -1 -1 -1 -1 -1 -1 
-1 -1 -1 -1 1 -1 -1 -1 -1 -1 
-1 -1 -1 -1 3 -1 -1 -1 3 -1 
-1 -1 -1 -1 -1 1 -1 -1 -1 -1 
-1 -1 -1 -1 -1 -1 2 3 -1 -1 
-1 -1 -1 -1 -1 -1 -1 -1 -1 2 
-1 -1 -1 -1 -1 -1 -1 -1 1 3 
-1 -1 -1 -1 -1 -1 -1 -1 -1 -1 
-1 -1 -1 -1 -1 -1 -1 -1 -1 -1 

11.0 17.0 14.0 7.0 
17.0 23.0 19.0 11.0 
24.0 29.0 22.0 14.0 
19.0 20.0 17.0 11.0 
16.0 18.0 12.0 8.0 
17.0 18.0 12.0 8.0 
19.0 18.0 16.0 10.0 
17.0 13.0 14.0 8.0 
16.0 12.0 19.0 8.0 
25.0 26.0 17.0 11.0 

0.00 0.58 0.55 0.59 
0.58 0.00 0.67 1.45 
0.55 0.67 0.00 1.25 
0.59 1.45 1.25 0.00 

0.0 4.0 3.0 2.0 
4.0 0.0 4.0 4.0 
3.0 4.0 0.0 4.0 
2.0 4.0 4.0 0.0 

14 22 28 22 16 16 20 16 16 22 

10 3 52

-1 -1 -1 3 -1 -1 -1 -1 -1 -1 
-1 -1 3 3 -1 -1 -1 -1 -1 -1 
-1 -1 -1 -1 3 -1 -1 -1 -1 -1 
-1 -1 -1 -1 3 -1 1 -1 -1 -1 
-1 -1 -1 -1 -1 1 -1 -1 -1 -1 
-1 -1 -1 -1 -1 -1 2 3 -1 -1 
-1 -1 -1 -1 -1 -1 -1 1 -1 -1 
-1 -1 -1 -1 -1 -1 -1 -1 1 -1 
-1 -1 -1 -1 -1 -1 -1 -1 -1 3 
-1 -1 -1 -1 -1 -1 -1 -1 -1 -1 

27.0 26.0 28.0 17.0 
16.0 17.0 19.0 10.0 
14.0 15.0 15.0 9.0 
19.0 26.0 24.0 12.0 
20.0 16.0 19.0 10.0 
16.0 15.0 17.0 10.0 
17.0 26.0 17.0 11.0 
17.0 17.0 11.0 7.0 
15.0 17.0 13.0 8.0 
17.0 24.0 25.0 11.0 

0.00 0.58 0.55 0.59 
0.58 0.00 0.67 1.45 
0.55 0.67 0.00 1.25 
0.59 1.45 1.25 0.00 

0.0 4.0 3.0 2.0 
4.0 0.0 4.0 4.0 
3.0 4.0 0.0 4.0 
2.0 4.0 4.0 0.0 

34 20 18 24 20 20 22 14 16 22 

10 3 52

-1 -1 -1 -1 -1 -1 1 -1 -1 -1 
-1 -1 -1 2 -1 -1 -1 -1 -1 -1 
-1 -1 -1 2 -1 -1 -1 -1 -1 3 
-1 -1 -1 -1 3 -1 -1 -1 -1 -1 
-1 -1 -1 -1 -1 3 -1 -1 -1 -1 
-1 -1 -1 -1 -1 -1 2 -1 -1 -1 
-1 -1 -1 -1 -1 -1 -1 2 1 -1 
-1 -1 -1 -1 -1 -1 -1 -1 -1 2 
-1 -1 -1 -1 -1 -1 -1 -1 -1 3 
-1 -1 -1 -1 -1 -1 -1 -1 -1 -1 

16.0 17.0 13.0 8.0 
11.0 16.0 17.0 7.0 
24.0 19.0 20.0 12.0 
21.0 23.0 17.0 11.0 
19.0 19.0 23.0 12.0 
27.0 27.0 24.0 16.0 
17.0 16.0 15.0 10.0 
22.0 17.0 18.0 11.0 
19.0 13.0 18.0 8.0 
17.0 18.0 16.0 10.0 

0.00 0.58 0.55 0.59 
0.58 0.00 0.67 1.45 
0.55 0.67 0.00 1.25 
0.59 1.45 1.25 0.00 

0.0 4.0 3.0 2.0 
4.0 0.0 4.0 4.0 
3.0 4.0 0.0 4.0 
2.0 4.0 4.0 0.0 

16 14 24 22 24 32 20 22 16 20 

10 3 58

-1 -1 -1 2 -1 -1 -1 -1 -1 -1 
-1 -1 1 -1 -1 -1 -1 -1 -1 -1 
-1 -1 -1 2 3 -1 -1 -1 -1 -1 
-1 -1 -1 -1 -1 -1 3 -1 -1 -1 
-1 -1 -1 -1 -1 3 3 -1 -1 -1 
-1 -1 -1 -1 -1 -1 -1 1 -1 -1 
-1 -1 -1 -1 -1 -1 -1 1 -1 -1 
-1 -1 -1 -1 -1 -1 -1 -1 1 -1 
-1 -1 -1 -1 -1 -1 -1 -1 -1 1 
-1 -1 -1 -1 -1 -1 -1 -1 -1 -1 

23.0 19.0 23.0 12.0 
18.0 18.0 18.0 12.0 
23.0 26.0 24.0 15.0 
16.0 16.0 16.0 10.0 
17.0 15.0 15.0 10.0 
16.0 17.0 17.0 10.0 
21.0 23.0 24.0 14.0 
16.0 15.0 15.0 10.0 
22.0 20.0 23.0 13.0 
16.0 18.0 18.0 10.0 

0.00 0.74 1.27 0.83 
0.74 0.00 1.11 0.73 
1.27 1.11 0.00 1.05 
0.83 0.73 1.05 0.00 

0.0 2.0 2.0 3.0 
2.0 0.0 3.0 2.0 
2.0 3.0 0.0 4.0 
3.0 2.0 4.0 0.0 

24 24 30 20 20 20 28 20 26 20 

10 3 57

-1 1 -1 -1 -1 -1 -1 -1 -1 -1 
-1 -1 2 -1 -1 -1 -1 -1 -1 -1 
-1 -1 -1 1 -1 -1 -1 -1 -1 -1 
-1 -1 -1 -1 1 2 -1 -1 -1 -1 
-1 -1 -1 -1 -1 -1 1 -1 -1 -1 
-1 -1 -1 -1 -1 -1 1 1 -1 -1 
-1 -1 -1 -1 -1 -1 -1 -1 -1 1 
-1 -1 -1 -1 -1 -1 -1 -1 1 2 
-1 -1 -1 -1 -1 -1 -1 -1 -1 -1 
-1 -1 -1 -1 -1 -1 -1 -1 -1 -1 

20.0 19.0 20.0 12.0 
22.0 21.0 21.0 14.0 
21.0 24.0 26.0 14.0 
21.0 24.0 22.0 14.0 
16.0 18.0 17.0 10.0 
16.0 14.0 15.0 9.0 
15.0 14.0 17.0 9.0 
20.0 19.0 21.0 12.0 
20.0 23.0 20.0 13.0 
13.0 15.0 14.0 8.0 

0.00 0.74 1.27 0.83 
0.74 0.00 1.11 0.73 
1.27 1.11 0.00 1.05 
0.83 0.73 1.05 0.00 

0.0 2.0 2.0 3.0 
2.0 0.0 3.0 2.0 
2.0 3.0 0.0 4.0 
3.0 2.0 4.0 0.0 

24 28 28 28 20 18 18 24 26 16 

10 3 56

-1 -1 1 2 -1 -1 -1 -1 -1 -1 
-1 -1 -1 3 2 -1 -1 -1 -1 -1 
-1 -1 -1 -1 -1 -1 1 -1 -1 -1 
-1 -1 -1 -1 -1 1 -1 -1 -1 -1 
-1 -1 -1 -1 -1 3 -1 -1 -1 -1 
-1 -1 -1 -1 -1 -1 3 -1 -1 -1 
-1 -1 -1 -1 -1 -1 -1 1 -1 -1 
-1 -1 -1 -1 -1 -1 -1 -1 1 -1 
-1 -1 -1 -1 -1 -1 -1 -1 -1 1 
-1 -1 -1 -1 -1 -1 -1 -1 -1 -1 

17.0 17.0 16.0 10.0 
15.0 15.0 13.0 8.0 
16.0 14.0 16.0 9.0 
20.0 21.0 19.0 12.0 
19.0 18.0 22.0 12.0 
24.0 22.0 21.0 14.0 
18.0 17.0 18.0 11.0 
14.0 14.0 14.0 9.0 
22.0 24.0 20.0 13.0 
22.0 24.0 21.0 14.0 

0.00 0.74 1.27 0.83 
0.74 0.00 1.11 0.73 
1.27 1.11 0.00 1.05 
0.83 0.73 1.05 0.00 

0.0 2.0 2.0 3.0 
2.0 0.0 3.0 2.0 
2.0 3.0 0.0 4.0 
3.0 2.0 4.0 0.0 

20 16 18 24 24 28 22 18 26 28 

10 3 54

-1 1 2 -1 -1 -1 -1 -1 -1 -1 
-1 -1 -1 -1 -1 -1 -1 -1 3 -1 
-1 -1 -1 1 -1 -1 -1 -1 -1 -1 
-1 -1 -1 -1 2 2 -1 -1 -1 -1 
-1 -1 -1 -1 -1 3 -1 -1 -1 -1 
-1 -1 -1 -1 -1 -1 1 -1 -1 -1 
-1 -1 -1 -1 -1 -1 -1 1 -1 -1 
-1 -1 -1 -1 -1 -1 -1 -1 3 3 
-1 -1 -1 -1 -1 -1 -1 -1 -1 -1 
-1 -1 -1 -1 -1 -1 -1 -1 -1 -1 

16.0 19.0 20.0 10.0 
18.0 16.0 26.0 10.0 
22.0 20.0 22.0 13.0 
17.0 23.0 13.0 8.0 
15.0 22.0 22.0 10.0 
16.0 18.0 20.0 10.0 
21.0 19.0 17.0 11.0 
23.0 21.0 27.0 14.0 
28.0 21.0 25.0 14.0 
14.0 18.0 18.0 9.0 

0.00 1.37 1.32 1.42 
1.37 0.00 0.56 0.61 
1.32 0.56 0.00 0.92 
1.42 0.61 0.92 0.00 

0.0 2.0 4.0 3.0 
2.0 0.0 2.0 4.0 
4.0 2.0 0.0 2.0 
3.0 4.0 2.0 0.0 

20 20 26 16 20 20 22 28 28 18 

10 3 54

-1 -1 -1 -1 -1 3 -1 -1 -1 -1 
-1 -1 2 -1 -1 -1 -1 -1 -1 -1 
-1 -1 -1 2 -1 -1 -1 -1 -1 -1 
-1 -1 -1 -1 2 -1 -1 -1 -1 -1 
-1 -1 -1 -1 -1 1 1 -1 -1 -1 
-1 -1 -1 -1 -1 -1 -1 -1 -1 3 
-1 -1 -1 -1 -1 -1 -1 3 -1 -1 
-1 -1 -1 -1 -1 -1 -1 -1 2 3 
-1 -1 -1 -1 -1 -1 -1 -1 -1 -1 
-1 -1 -1 -1 -1 -1 -1 -1 -1 -1 

12.0 11.0 20.0 7.0 
26.0 27.0 27.0 17.0 
19.0 15.0 14.0 9.0 
20.0 12.0 23.0 8.0 
29.0 20.0 20.0 13.0 
24.0 18.0 31.0 12.0 
22.0 18.0 18.0 12.0 
32.0 25.0 29.0 16.0 
18.0 12.0 10.0 6.0 
15.0 14.0 19.0 9.0 

0.00 1.37 1.32 1.42 
1.37 0.00 0.56 0.61 
1.32 0.56 0.00 0.92 
1.42 0.61 0.92 0.00 

0.0 2.0 4.0 3.0 
2.0 0.0 2.0 4.0 
4.0 2.0 0.0 2.0 
3.0 4.0 2.0 0.0 

14 34 18 16 26 24 24 32 12 18 

10 3 48

-1 2 -1 -1 -1 -1 -1 -1 -1 -1 
-1 -1 2 1 -1 -1 -1 -1 -1 -1 
-1 -1 -1 -1 3 -1 -1 -1 -1 -1 
-1 -1 -1 -1 2 -1 -1 -1 2 -1 
-1 -1 -1 -1 -1 3 -1 -1 -1 -1 
-1 -1 -1 -1 -1 -1 3 1 -1 -1 
-1 -1 -1 -1 -1 -1 -1 -1 3 -1 
-1 -1 -1 -1 -1 -1 -1 -1 3 3 
-1 -1 -1 -1 -1 -1 -1 -1 -1 -1 
-1 -1 -1 -1 -1 -1 -1 -1 -1 -1 

10.0 19.0 14.0 6.0 
20.0 23.0 16.0 10.0 
16.0 17.0 21.0 10.0 
18.0 20.0 31.0 12.0 
17.0 12.0 11.0 7.0 
27.0 21.0 13.0 8.0 
22.0 19.0 18.0 12.0 
18.0 22.0 18.0 12.0 
14.0 20.0 20.0 9.0 
18.0 19.0 16.0 10.0 

0.00 1.37 1.32 1.42 
1.37 0.00 0.56 0.61 
1.32 0.56 0.00 0.92 
1.42 0.61 0.92 0.00 

0.0 2.0 4.0 3.0 
2.0 0.0 2.0 4.0 
4.0 2.0 0.0 2.0 
3.0 4.0 2.0 0.0 

12 20 20 24 14 16 24 24 18 20 

10 3 61

-1 -1 -1 -1 1 2 -1 -1 -1 -1 
-1 -1 3 2 3 2 -1 -1 -1 -1 
-1 -1 -1 -1 -1 -1 2 -1 -1 -1 
-1 -1 -1 -1 -1 -1 -1 -1 2 -1 
-1 -1 -1 -1 -1 -1 -1 -1 -1 2 
-1 -1 -1 -1 -1 -1 -1 2 2 2 
-1 -1 -1 -1 -1 -1 -1 -1 -1 -1 
-1 -1 -1 -1 -1 -1 -1 -1 -1 -1 
-1 -1 -1 -1 -1 -1 -1 -1 -1 -1 
-1 -1 -1 -1 -1 -1 -1 -1 -1 -1 

28.0 21.0 23.0 14.0 
16.0 18.0 17.0 10.0 
18.0 19.0 21.0 12.0 
23.0 28.0 21.0 14.0 
29.0 18.0 24.0 12.0 
23.0 23.0 25.0 15.0 
22.0 23.0 19.0 12.0 
14.0 17.0 21.0 9.0 
19.0 20.0 23.0 12.0 
18.0 23.0 22.0 12.0 

0.00 1.18 1.44 1.31 
1.18 0.00 1.20 0.75 
1.44 1.20 0.00 1.19 
1.31 0.75 1.19 0.00 

0.0 4.0 2.0 3.0 
4.0 0.0 3.0 4.0 
2.0 3.0 0.0 3.0 
3.0 4.0 3.0 0.0 

28 20 24 28 24 30 24 18 24 24 

10 3 47

-1 -1 -1 3 -1 2 -1 2 -1 -1 
-1 -1 3 -1 3 1 1 2 -1 -1 
-1 -1 -1 -1 -1 -1 -1 -1 -1 3 
-1 -1 -1 -1 -1 -1 -1 2 -1 -1 
-1 -1 -1 -1 -1 -1 -1 -1 -1 3 
-1 -1 -1 -1 -1 -1 -1 -1 1 -1 
-1 -1 -1 -1 -1 -1 -1 -1 -1 1 
-1 -1 -1 -1 -1 -1 -1 -1 3 2 
-1 -1 -1 -1 -1 -1 -1 -1 -1 -1 
-1 -1 -1 -1 -1 -1 -1 -1 -1 -1 

12.0 19.0 16.0 8.0 
11.0 12.0 11.0 7.0 
18.0 19.0 18.0 12.0 
14.0 14.0 13.0 8.0 
14.0 11.0 13.0 7.0 
16.0 17.0 22.0 10.0 
22.0 27.0 23.0 14.0 
17.0 19.0 19.0 11.0 
15.0 24.0 15.0 10.0 
12.0 13.0 17.0 8.0 

0.00 1.18 1.44 1.31 
1.18 0.00 1.20 0.75 
1.44 1.20 0.00 1.19 
1.31 0.75 1.19 0.00 

0.0 4.0 2.0 3.0 
4.0 0.0 3.0 4.0 
2.0 3.0 0.0 3.0 
3.0 4.0 3.0 0.0 

16 14 24 16 14 20 28 22 20 16 

10 3 52

-1 3 2 1 1 -1 -1 -1 -1 -1 
-1 -1 -1 -1 -1 -1 -1 -1 2 2 
-1 -1 -1 -1 -1 -1 1 -1 -1 -1 
-1 -1 -1 -1 -1 -1 -1 2 -1 -1 
-1 -1 -1 -1 -1 1 3 2 3 1 
-1 -1 -1 -1 -1 -1 -1 -1 -1 -1 
-1 -1 -1 -1 -1 -1 -1 -1 -1 -1 
-1 -1 -1 -1 -1 -1 -1 -1 -1 -1 
-1 -1 -1 -1 -1 -1 -1 -1 -1 -1 
-1 -1 -1 -1 -1 -1 -1 -1 -1 -1 

22.0 24.0 22.0 14.0 
25.0 25.0 25.0 16.0 
13.0 16.0 13.0 8.0 
13.0 16.0 13.0 8.0 
18.0 21.0 21.0 12.0 
17.0 27.0 17.0 11.0 
13.0 19.0 18.0 8.0 
17.0 22.0 24.0 11.0 
17.0 14.0 14.0 9.0 
19.0 21.0 13.0 8.0 

0.00 1.18 1.44 1.31 
1.18 0.00 1.20 0.75 
1.44 1.20 0.00 1.19 
1.31 0.75 1.19 0.00 

0.0 4.0 2.0 3.0 
4.0 0.0 3.0 4.0 
2.0 3.0 0.0 3.0 
3.0 4.0 3.0 0.0 

28 32 16 16 24 22 16 22 18 16 

10 3 60

-1 -1 -1 -1 -1 3 -1 -1 -1 -1 
-1 -1 -1 -1 3 -1 -1 -1 -1 -1 
-1 -1 -1 -1 -1 -1 1 -1 -1 -1 
-1 -1 -1 -1 -1 1 3 -1 -1 -1 
-1 -1 -1 -1 -1 -1 -1 -1 2 -1 
-1 -1 -1 -1 -1 -1 -1 -1 -1 3 
-1 -1 -1 -1 -1 -1 -1 2 1 1 
-1 -1 -1 -1 -1 -1 -1 -1 -1 -1 
-1 -1 -1 -1 -1 -1 -1 -1 -1 -1 
-1 -1 -1 -1 -1 -1 -1 -1 -1 -1 

14.0 13.0 15.0 8.0 
25.0 23.0 23.0 15.0 
19.0 19.0 18.0 12.0 
16.0 18.0 18.0 10.0 
18.0 20.0 18.0 12.0 
21.0 25.0 23.0 14.0 
19.0 19.0 18.0 12.0 
24.0 20.0 20.0 13.0 
18.0 18.0 19.0 12.0 
20.0 21.0 18.0 12.0 

0.00 0.69 1.31 0.69 
0.69 0.00 0.92 1.03 
1.31 0.92 0.00 0.93 
0.69 1.03 0.93 0.00 

0.0 4.0 2.0 4.0 
4.0 0.0 3.0 2.0 
2.0 3.0 0.0 3.0 
4.0 2.0 3.0 0.0 

16 30 24 20 24 28 24 26 24 24 

10 3 56

-1 -1 -1 -1 -1 1 -1 -1 -1 -1 
-1 -1 -1 -1 -1 -1 -1 1 -1 -1 
-1 -1 -1 -1 -1 -1 2 -1 -1 -1 
-1 -1 -1 -1 1 1 3 1 -1 -1 
-1 -1 -1 -1 -1 -1 -1 -1 2 -1 
-1 -1 -1 -1 -1 -1 -1 -1 3 -1 
-1 -1 -1 -1 -1 -1 -1 -1 -1 3 
-1 -1 -1 -1 -1 -1 -1 -1 3 3 
-1 -1 -1 -1 -1 -1 -1 -1 -1 -1 
-1 -1 -1 -1 -1 -1 -1 -1 -1 -1 

19.0 19.0 19.0 12.0 
15.0 16.0 16.0 10.0 
19.0 20.0 22.0 12.0 
23.0 22.0 22.0 14.0 
21.0 17.0 21.0 11.0 
13.0 14.0 13.0 8.0 
23.0 26.0 25.0 15.0 
25.0 25.0 22.0 14.0 
13.0 15.0 13.0 8.0 
14.0 14.0 15.0 9.0 

0.00 0.69 1.31 0.69 
0.69 0.00 0.92 1.03 
1.31 0.92 0.00 0.93 
0.69 1.03 0.93 0.00 

0.0 4.0 2.0 4.0 
4.0 0.0 3.0 2.0 
2.0 3.0 0.0 3.0 
4.0 2.0 3.0 0.0 

24 20 24 28 22 16 30 28 16 18 

10 3 60

-1 -1 -1 3 -1 -1 -1 -1 -1 -1 
-1 -1 -1 -1 -1 2 -1 -1 -1 -1 
-1 -1 -1 -1 1 2 -1 -1 -1 -1 
-1 -1 -1 -1 -1 -1 -1 -1 2 -1 
-1 -1 -1 -1 -1 -1 -1 -1 -1 3 
-1 -1 -1 -1 -1 -1 3 2 1 3 
-1 -1 -1 -1 -1 -1 -1 -1 -1 -1 
-1 -1 -1 -1 -1 -1 -1 -1 -1 -1 
-1 -1 -1 -1 -1 -1 -1 -1 -1 -1 
-1 -1 -1 -1 -1 -1 -1 -1 -1 -1 

17.0 17.0 14.0 9.0 
23.0 21.0 22.0 14.0 
23.0 22.0 22.0 14.0 
17.0 16.0 16.0 10.0 
20.0 20.0 24.0 13.0 
25.0 24.0 21.0 14.0 
17.0 20.0 17.0 11.0 
22.0 23.0 21.0 14.0 
18.0 18.0 20.0 12.0 
15.0 18.0 18.0 10.0 

0.00 0.69 1.31 0.69 
0.69 0.00 0.92 1.03 
1.31 0.92 0.00 0.93 
0.69 1.03 0.93 0.00 

0.0 4.0 2.0 4.0 
4.0 0.0 3.0 2.0 
2.0 3.0 0.0 3.0 
4.0 2.0 3.0 0.0 

18 28 28 20 26 28 22 28 24 20 

10 3 52

-1 -1 -1 -1 -1 -1 3 2 -1 -1 
-1 -1 -1 -1 -1 -1 -1 -1 1 -1 
-1 -1 -1 -1 -1 -1 3 -1 -1 -1 
-1 -1 -1 -1 3 1 3 1 1 -1 
-1 -1 -1 -1 -1 -1 2 -1 -1 -1 
-1 -1 -1 -1 -1 -1 -1 2 -1 -1 
-1 -1 -1 -1 -1 -1 -1 -1 -1 1 
-1 -1 -1 -1 -1 -1 -1 -1 2 -1 
-1 -1 -1 -1 -1 -1 -1 -1 -1 2 
-1 -1 -1 -1 -1 -1 -1 -1 -1 -1 

17.0 15.0 15.0 10.0 
21.0 15.0 14.0 9.0 
19.0 14.0 20.0 9.0 
14.0 23.0 19.0 9.0 
20.0 25.0 25.0 13.0 
30.0 21.0 30.0 14.0 
20.0 19.0 23.0 12.0 
17.0 19.0 19.0 11.0 
23.0 11.0 22.0 7.0 
26.0 17.0 25.0 11.0 

0.00 0.86 1.29 1.28 
0.86 0.00 0.63 0.63 
1.29 0.63 0.00 1.48 
1.28 0.63 1.48 0.00 

0.0 4.0 4.0 3.0 
4.0 0.0 4.0 4.0 
4.0 4.0 0.0 4.0 
3.0 4.0 4.0 0.0 

20 18 18 18 26 28 24 22 14 22 

10 3 41

-1 -1 -1 -1 -1 -1 -1 2 -1 -1 
-1 -1 -1 -1 1 -1 -1 -1 -1 -1 
-1 -1 -1 -1 -1 2 -1 -1 -1 -1 
-1 -1 -1 -1 -1 2 1 1 -1 -1 
-1 -1 -1 -1 -1 -1 1 -1 -1 -1 
-1 -1 -1 -1 -1 -1 -1 -1 -1 2 
-1 -1 -1 -1 -1 -1 -1 -1 3 -1 
-1 -1 -1 -1 -1 -1 -1 -1 3 2 
-1 -1 -1 -1 -1 -1 -1 -1 -1 -1 
-1 -1 -1 -1 -1 -1 -1 -1 -1 -1 

26.0 23.0 15.0 10.0 
20.0 14.0 26.0 9.0 
20.0 11.0 20.0 7.0 
13.0 9.0 18.0 6.0 
14.0 12.0 15.0 8.0 
23.0 12.0 19.0 8.0 
23.0 12.0 19.0 8.0 
18.0 14.0 23.0 9.0 
19.0 21.0 14.0 9.0 
14.0 26.0 24.0 9.0 

0.00 0.86 1.29 1.28 
0.86 0.00 0.63 0.63 
1.29 0.63 0.00 1.48 
1.28 0.63 1.48 0.00 

0.0 4.0 4.0 3.0 
4.0 0.0 4.0 4.0 
4.0 4.0 0.0 4.0 
3.0 4.0 4.0 0.0 

20 18 14 12 16 16 16 18 18 18 

10 3 43

-1 -1 2 -1 -1 -1 -1 -1 -1 -1 
-1 -1 2 1 -1 -1 -1 -1 -1 -1 
-1 -1 -1 -1 2 1 3 -1 -1 -1 
-1 -1 -1 -1 -1 -1 3 2 3 3 
-1 -1 -1 -1 -1 -1 -1 -1 -1 -1 
-1 -1 -1 -1 -1 -1 -1 -1 -1 -1 
-1 -1 -1 -1 -1 -1 -1 -1 -1 -1 
-1 -1 -1 -1 -1 -1 -1 -1 -1 -1 
-1 -1 -1 -1 -1 -1 -1 -1 -1 -1 
-1 -1 -1 -1 -1 -1 -1 -1 -1 -1 

17.0 10.0 9.0 6.0 
20.0 17.0 20.0 11.0 
12.0 19.0 11.0 7.0 
12.0 18.0 14.0 8.0 
15.0 24.0 20.0 10.0 
12.0 17.0 10.0 6.0 
16.0 11.0 15.0 7.0 
18.0 16.0 21.0 10.0 
19.0 12.0 13.0 8.0 
26.0 20.0 26.0 13.0 

0.00 0.86 1.29 1.28 
0.86 0.00 0.63 0.63 
1.29 0.63 0.00 1.48 
1.28 0.63 1.48 0.00 

0.0 4.0 4.0 3.0 
4.0 0.0 4.0 4.0 
4.0 4.0 0.0 4.0 
3.0 4.0 4.0 0.0 

12 22 14 16 20 12 14 20 16 26 

10 3 55

-1 -1 -1 34 -1 -1 -1 -1 -1 -1 
-1 -1 14 26 -1 -1 -1 -1 -1 -1 
-1 -1 -1 -1 32 -1 -1 -1 -1 -1 
-1 -1 -1 -1 -1 31 20 -1 -1 -1 
-1 -1 -1 -1 -1 -1 -1 -1 -1 29 
-1 -1 -1 -1 -1 -1 -1 -1 17 -1 
-1 -1 -1 -1 -1 -1 -1 37 20 28 
-1 -1 -1 -1 -1 -1 -1 -1 -1 -1 
-1 -1 -1 -1 -1 -1 -1 -1 -1 -1 
-1 -1 -1 -1 -1 -1 -1 -1 -1 -1 

19.0 16.0 21.0 10.0 
15.0 15.0 20.0 10.0 
20.0 21.0 20.0 13.0 
22.0 21.0 21.0 14.0 
17.0 19.0 16.0 10.0 
23.0 25.0 17.0 11.0 
14.0 20.0 19.0 9.0 
19.0 17.0 26.0 11.0 
20.0 23.0 24.0 13.0 
16.0 17.0 17.0 10.0 

0.00 1.23 1.22 1.31 
1.23 0.00 0.97 0.65 
1.22 0.97 0.00 0.58 
1.31 0.65 0.58 0.00 

0.0 2.0 4.0 3.0 
2.0 0.0 4.0 4.0 
4.0 4.0 0.0 4.0 
3.0 4.0 4.0 0.0 

20 20 26 28 20 22 18 22 26 20 

10 3 53

-1 26 32 34 -1 -1 -1 -1 -1 -1 
-1 -1 -1 -1 -1 -1 -1 -1 25 -1 
-1 -1 -1 -1 -1 31 -1 -1 -1 -1 
-1 -1 -1 -1 38 16 -1 -1 -1 -1 
-1 -1 -1 -1 -1 -1 14 -1 24 -1 
-1 -1 -1 -1 -1 -1 -1 23 37 20 
-1 -1 -1 -1 -1 -1 -1 -1 -1 -1 
-1 -1 -1 -1 -1 -1 -1 -1 -1 -1 
-1 -1 -1 -1 -1 -1 -1 -1 -1 -1 
-1 -1 -1 -1 -1 -1 -1 -1 -1 -1 

23.0 18.0 25.0 12.0 
27.0 23.0 20.0 13.0 
21.0 22.0 17.0 11.0 
19.0 27.0 18.0 12.0 
17.0 14.0 16.0 9.0 
17.0 23.0 16.0 10.0 
23.0 21.0 18.0 12.0 
19.0 16.0 21.0 10.0 
18.0 18.0 15.0 10.0 
11.0 13.0 15.0 7.0 

0.00 1.23 1.22 1.31 
1.23 0.00 0.97 0.65 
1.22 0.97 0.00 0.58 
1.31 0.65 0.58 0.00 

0.0 2.0 4.0 3.0 
2.0 0.0 4.0 4.0 
4.0 4.0 0.0 4.0 
3.0 4.0 4.0 0.0 

24 26 22 24 18 20 24 20 20 14 

10 3 53

-1 -1 -1 37 -1 -1 -1 -1 -1 -1 
-1 -1 -1 -1 19 -1 -1 -1 -1 -1 
-1 -1 -1 34 21 -1 -1 -1 -1 -1 
-1 -1 -1 -1 -1 -1 -1 17 -1 -1 
-1 -1 -1 -1 -1 17 36 15 -1 -1 
-1 -1 -1 -1 -1 -1 -1 -1 -1 13 
-1 -1 -1 -1 -1 -1 -1 -1 27 -1 
-1 -1 -1 -1 -1 -1 -1 -1 25 29 
-1 -1 -1 -1 -1 -1 -1 -1 -1 -1 
-1 -1 -1 -1 -1 -1 -1 -1 -1 -1 

15.0 16.0 16.0 10.0 
17.0 16.0 11.0 7.0 
22.0 24.0 21.0 14.0 
18.0 22.0 21.0 12.0 
22.0 19.0 16.0 10.0 
14.0 19.0 12.0 8.0 
21.0 22.0 22.0 14.0 
14.0 18.0 16.0 9.0 
18.0 17.0 21.0 11.0 
19.0 18.0 23.0 12.0 

0.00 1.23 1.22 1.31 
1.23 0.00 0.97 0.65 
1.22 0.97 0.00 0.58 
1.31 0.65 0.58 0.00 

0.0 2.0 4.0 3.0 
2.0 0.0 4.0 4.0 
4.0 4.0 0.0 4.0 
3.0 4.0 4.0 0.0 

20 14 28 24 20 16 28 18 22 24 

10 3 61

-1 -1 -1 -1 20 15 -1 -1 -1 -1 
-1 -1 23 34 18 33 -1 -1 -1 -1 
-1 -1 -1 -1 -1 -1 -1 19 -1 -1 
-1 -1 -1 -1 -1 -1 34 -1 -1 -1 
-1 -1 -1 -1 -1 -1 -1 -1 21 -1 
-1 -1 -1 -1 -1 -1 28 16 24 -1 
-1 -1 -1 -1 -1 -1 -1 -1 -1 15 
-1 -1 -1 -1 -1 -1 -1 -1 -1 39 
-1 -1 -1 -1 -1 -1 -1 -1 -1 36 
-1 -1 -1 -1 -1 -1 -1 -1 -1 -1 

21.0 19.0 21.0 12.0 
15.0 17.0 17.0 10.0 
19.0 18.0 17.0 11.0 
17.0 18.0 16.0 10.0 
16.0 16.0 16.0 10.0 
21.0 23.0 26.0 14.0 
21.0 20.0 21.0 13.0 
22.0 24.0 22.0 14.0 
23.0 21.0 26.0 14.0 
21.0 23.0 22.0 14.0 

0.00 0.60 0.97 0.62 
0.60 0.00 1.48 1.35 
0.97 1.48 0.00 1.40 
0.62 1.35 1.40 0.00 

0.0 4.0 2.0 3.0 
4.0 0.0 4.0 4.0 
2.0 4.0 0.0 3.0 
3.0 4.0 3.0 0.0 

24 20 22 20 20 28 26 28 28 28 

10 3 61

-1 -1 -1 -1 -1 -1 -1 -1 24 -1 
-1 -1 -1 38 -1 -1 -1 -1 -1 -1 
-1 -1 -1 36 16 -1 -1 -1 -1 -1 
-1 -1 -1 -1 -1 -1 28 -1 -1 -1 
-1 -1 -1 -1 -1 33 24 -1 -1 -1 
-1 -1 -1 -1 -1 -1 -1 -1 33 33 
-1 -1 -1 -1 -1 -1 -1 34 13 23 
-1 -1 -1 -1 -1 -1 -1 -1 -1 -1 
-1 -1 -1 -1 -1 -1 -1 -1 -1 -1 
-1 -1 -1 -1 -1 -1 -1 -1 -1 -1 

25.0 25.0 22.0 14.0 
23.0 26.0 23.0 15.0 
24.0 23.0 24.0 15.0 
15.0 17.0 16.0 10.0 
18.0 19.0 16.0 10.0 
19.0 18.0 19.0 12.0 
21.0 17.0 19.0 11.0 
21.0 20.0 20.0 13.0 
21.0 19.0 19.0 12.0 
15.0 17.0 16.0 10.0 

0.00 0.60 0.97 0.62 
0.60 0.00 1.48 1.35 
0.97 1.48 0.00 1.40 
0.62 1.35 1.40 0.00 

0.0 4.0 2.0 3.0 
4.0 0.0 4.0 4.0 
2.0 4.0 0.0 3.0 
3.0 4.0 3.0 0.0 

28 30 30 20 20 24 22 26 24 20 

10 3 51

-1 -1 -1 29 -1 -1 -1 -1 -1 -1 
-1 -1 34 27 21 -1 -1 -1 -1 -1 
-1 -1 -1 -1 -1 -1 -1 31 -1 -1 
-1 -1 -1 -1 -1 -1 18 -1 -1 -1 
-1 -1 -1 -1 -1 28 22 19 -1 -1 
-1 -1 -1 -1 -1 -1 -1 -1 -1 37 
-1 -1 -1 -1 -1 -1 -1 -1 -1 28 
-1 -1 -1 -1 -1 -1 -1 -1 26 19 
-1 -1 -1 -1 -1 -1 -1 -1 -1 -1 
-1 -1 -1 -1 -1 -1 -1 -1 -1 -1 

24.0 20.0 21.0 13.0 
18.0 16.0 16.0 10.0 
17.0 17.0 17.0 11.0 
16.0 15.0 14.0 9.0 
17.0 15.0 15.0 10.0 
20.0 17.0 21.0 11.0 
14.0 13.0 13.0 8.0 
20.0 19.0 17.0 11.0 
14.0 14.0 14.0 9.0 
16.0 17.0 15.0 10.0 

0.00 0.60 0.97 0.62 
0.60 0.00 1.48 1.35 
0.97 1.48 0.00 1.40 
0.62 1.35 1.40 0.00 

0.0 4.0 2.0 3.0 
4.0 0.0 4.0 4.0 
2.0 4.0 0.0 3.0 
3.0 4.0 3.0 0.0 

26 20 22 18 20 22 16 22 18 20 

10 3 49

-1 33 -1 -1 -1 -1 -1 -1 -1 -1 
-1 -1 37 -1 -1 -1 -1 -1 -1 -1 
-1 -1 -1 29 32 36 29 -1 -1 -1 
-1 -1 -1 -1 -1 -1 -1 -1 31 -1 
-1 -1 -1 -1 -1 -1 -1 -1 -1 38 
-1 -1 -1 -1 -1 -1 -1 -1 -1 19 
-1 -1 -1 -1 -1 -1 -1 36 17 39 
-1 -1 -1 -1 -1 -1 -1 -1 -1 -1 
-1 -1 -1 -1 -1 -1 -1 -1 -1 -1 
-1 -1 -1 -1 -1 -1 -1 -1 -1 -1 

23.0 25.0 26.0 15.0 
16.0 15.0 10.0 6.0 
14.0 10.0 14.0 6.0 
12.0 12.0 10.0 6.0 
27.0 22.0 23.0 14.0 
19.0 21.0 26.0 12.0 
22.0 18.0 17.0 11.0 
17.0 25.0 18.0 11.0 
20.0 29.0 18.0 12.0 
9.0 12.0 13.0 6.0 

0.00 1.27 1.13 1.33 
1.27 0.00 1.24 0.81 
1.13 1.24 0.00 0.89 
1.33 0.81 0.89 0.00 

0.0 2.0 2.0 4.0 
2.0 0.0 4.0 3.0 
2.0 4.0 0.0 2.0 
4.0 3.0 2.0 0.0 

30 12 12 12 28 24 22 22 24 12 

10 3 50

-1 15 15 17 -1 -1 -1 -1 -1 -1 
-1 -1 -1 -1 -1 -1 18 -1 -1 -1 
-1 -1 -1 -1 38 -1 -1 -1 -1 -1 
-1 -1 -1 -1 -1 15 36 -1 -1 -1 
-1 -1 -1 -1 -1 -1 -1 34 -1 -1 
-1 -1 -1 -1 -1 -1 -1 -1 -1 29 
-1 -1 -1 -1 -1 -1 -1 -1 18 23 
-1 -1 -1 -1 -1 -1 -1 -1 -1 -1 
-1 -1 -1 -1 -1 -1 -1 -1 -1 -1 
-1 -1 -1 -1 -1 -1 -1 -1 -1 -1 

18.0 16.0 18.0 10.0 
15.0 26.0 16.0 10.0 
16.0 14.0 12.0 8.0 
20.0 21.0 20.0 13.0 
15.0 12.0 18.0 8.0 
29.0 21.0 16.0 10.0 
15.0 15.0 10.0 6.0 
25.0 26.0 31.0 16.0 
15.0 13.0 21.0 8.0 
17.0 18.0 20.0 11.0 

0.00 1.27 1.13 1.33 
1.27 0.00 1.24 0.81 
1.13 1.24 0.00 0.89 
1.33 0.81 0.89 0.00 

0.0 2.0 2.0 4.0 
2.0 0.0 4.0 3.0 
2.0 4.0 0.0 2.0 
4.0 3.0 2.0 0.0 

20 20 16 26 16 20 12 32 16 22 

10 3 51

-1 -1 24 35 -1 -1 -1 -1 -1 -1 
-1 -1 -1 33 20 -1 -1 -1 -1 -1 
-1 -1 -1 20 -1 -1 -1 -1 -1 -1 
-1 -1 -1 -1 -1 23 -1 -1 -1 -1 
-1 -1 -1 -1 -1 36 -1 -1 28 -1 
-1 -1 -1 -1 -1 -1 27 35 15 26 
-1 -1 -1 -1 -1 -1 -1 -1 -1 -1 
-1 -1 -1 -1 -1 -1 -1 -1 -1 -1 
-1 -1 -1 -1 -1 -1 -1 -1 -1 -1 
-1 -1 -1 -1 -1 -1 -1 -1 -1 -1 

17.0 10.0 17.0 6.0 
19.0 18.0 14.0 9.0 
23.0 15.0 15.0 10.0 
21.0 15.0 12.0 8.0 
19.0 26.0 27.0 12.0 
18.0 26.0 18.0 12.0 
19.0 21.0 18.0 12.0 
16.0 20.0 14.0 9.0 
15.0 15.0 29.0 10.0 
23.0 25.0 29.0 15.0 

0.00 1.27 1.13 1.33 
1.27 0.00 1.24 0.81 
1.13 1.24 0.00 0.89 
1.33 0.81 0.89 0.00 

0.0 2.0 2.0 4.0 
2.0 0.0 4.0 3.0 
2.0 4.0 0.0 2.0 
4.0 3.0 2.0 0.0 

12 18 20 16 24 24 24 18 20 30 

10 3 47

-1 17 -1 -1 -1 -1 -1 -1 -1 -1 
-1 -1 33 -1 -1 -1 -1 -1 -1 -1 
-1 -1 -1 25 -1 -1 -1 -1 -1 -1 
-1 -1 -1 -1 37 -1 -1 -1 -1 -1 
-1 -1 -1 -1 -1 19 14 34 -1 -1 
-1 -1 -1 -1 -1 -1 -1 -1 -1 33 
-1 -1 -1 -1 -1 -1 -1 -1 32 -1 
-1 -1 -1 -1 -1 -1 -1 -1 36 22 
-1 -1 -1 -1 -1 -1 -1 -1 -1 -1 
-1 -1 -1 -1 -1 -1 -1 -1 -1 -1 

16.0 17.0 14.0 9.0 
18.0 15.0 14.0 9.0 
14.0 13.0 19.0 8.0 
23.0 15.0 18.0 10.0 
16.0 15.0 16.0 10.0 
15.0 16.0 19.0 10.0 
24.0 16.0 24.0 10.0 
18.0 13.0 16.0 8.0 
18.0 14.0 18.0 9.0 
20.0 17.0 20.0 11.0 

0.00 0.91 1.31 0.63 
0.91 0.00 1.19 0.86 
1.31 1.19 0.00 0.70 
0.63 0.86 0.70 0.00 

0.0 3.0 2.0 3.0 
3.0 0.0 3.0 3.0 
2.0 3.0 0.0 3.0 
3.0 3.0 3.0 0.0 

18 18 16 20 20 20 20 16 18 22 

10 3 55

-1 31 -1 -1 -1 -1 -1 -1 -1 -1 
-1 -1 28 -1 -1 -1 -1 -1 -1 -1 
-1 -1 -1 36 -1 -1 -1 -1 -1 -1 
-1 -1 -1 -1 23 39 -1 -1 -1 -1 
-1 -1 -1 -1 -1 -1 -1 16 -1 -1 
-1 -1 -1 -1 -1 -1 22 -1 -1 -1 
-1 -1 -1 -1 -1 -1 -1 14 15 34 
-1 -1 -1 -1 -1 -1 -1 -1 -1 -1 
-1 -1 -1 -1 -1 -1 -1 -1 -1 -1 
-1 -1 -1 -1 -1 -1 -1 -1 -1 -1 

22.0 21.0 20.0 13.0 
21.0 25.0 27.0 14.0 
24.0 15.0 17.0 10.0 
13.0 15.0 14.0 8.0 
14.0 15.0 14.0 9.0 
20.0 18.0 18.0 12.0 
22.0 21.0 22.0 14.0 
26.0 17.0 18.0 11.0 
26.0 22.0 19.0 12.0 
12.0 16.0 13.0 8.0 

0.00 0.91 1.31 0.63 
0.91 0.00 1.19 0.86 
1.31 1.19 0.00 0.70 
0.63 0.86 0.70 0.00 

0.0 3.0 2.0 3.0 
3.0 0.0 3.0 3.0 
2.0 3.0 0.0 3.0 
3.0 3.0 3.0 0.0 

26 28 20 16 18 24 28 22 24 16 

10 3 42

-1 37 -1 -1 -1 -1 -1 -1 -1 -1 
-1 -1 19 20 -1 -1 -1 -1 -1 -1 
-1 -1 -1 -1 21 -1 -1 -1 -1 -1 
-1 -1 -1 -1 27 -1 -1 30 -1 -1 
-1 -1 -1 -1 -1 25 26 14 -1 -1 
-1 -1 -1 -1 -1 -1 -1 -1 23 -1 
-1 -1 -1 -1 -1 -1 -1 14 -1 -1 
-1 -1 -1 -1 -1 -1 -1 -1 19 -1 
-1 -1 -1 -1 -1 -1 -1 -1 -1 26 
-1 -1 -1 -1 -1 -1 -1 -1 -1 -1 

12.0 16.0 17.0 8.0 
17.0 16.0 13.0 8.0 
15.0 14.0 13.0 8.0 
16.0 26.0 17.0 10.0 
13.0 13.0 19.0 8.0 
21.0 13.0 13.0 8.0 
12.0 18.0 15.0 8.0 
17.0 17.0 26.0 11.0 
12.0 15.0 17.0 8.0 
13.0 13.0 15.0 8.0 

0.00 0.91 1.31 0.63 
0.91 0.00 1.19 0.86 
1.31 1.19 0.00 0.70 
0.63 0.86 0.70 0.00 

0.0 3.0 2.0 3.0 
3.0 0.0 3.0 3.0 
2.0 3.0 0.0 3.0 
3.0 3.0 3.0 0.0 

16 16 16 20 16 16 16 22 16 16 

10 3 58

-1 -1 22 -1 -1 -1 -1 -1 -1 -1 
-1 -1 30 35 -1 -1 -1 -1 -1 -1 
-1 -1 -1 34 -1 -1 -1 -1 -1 -1 
-1 -1 -1 -1 22 -1 -1 -1 -1 -1 
-1 -1 -1 -1 -1 27 -1 -1 -1 -1 
-1 -1 -1 -1 -1 -1 37 37 -1 -1 
-1 -1 -1 -1 -1 -1 -1 -1 24 -1 
-1 -1 -1 -1 -1 -1 -1 -1 30 33 
-1 -1 -1 -1 -1 -1 -1 -1 -1 38 
-1 -1 -1 -1 -1 -1 -1 -1 -1 -1 

20.0 23.0 23.0 13.0 
21.0 24.0 22.0 14.0 
16.0 18.0 19.0 10.0 
17.0 17.0 21.0 11.0 
23.0 20.0 19.0 12.0 
22.0 21.0 22.0 14.0 
13.0 15.0 13.0 8.0 
23.0 22.0 24.0 14.0 
14.0 13.0 14.0 8.0 
22.0 20.0 22.0 13.0 

0.00 1.09 1.23 0.77 
1.09 0.00 1.28 0.90 
1.23 1.28 0.00 1.31 
0.77 0.90 1.31 0.00 

0.0 3.0 4.0 3.0 
3.0 0.0 3.0 3.0 
4.0 3.0 0.0 2.0 
3.0 3.0 2.0 0.0 

26 28 20 22 24 28 16 28 16 26 

10 3 52

-1 19 19 -1 -1 -1 -1 -1 -1 -1 
-1 -1 34 -1 -1 -1 -1 -1 -1 -1 
-1 -1 -1 33 -1 -1 -1 -1 -1 -1 
-1 -1 -1 -1 28 -1 -1 -1 -1 -1 
-1 -1 -1 -1 -1 18 13 -1 -1 -1 
-1 -1 -1 -1 -1 -1 -1 36 -1 -1 
-1 -1 -1 -1 -1 -1 -1 15 -1 -1 
-1 -1 -1 -1 -1 -1 -1 -1 21 17 
-1 -1 -1 -1 -1 -1 -1 -1 -1 -1 
-1 -1 -1 -1 -1 -1 -1 -1 -1 -1 

21.0 20.0 22.0 13.0 
17.0 16.0 17.0 10.0 
14.0 13.0 13.0 8.0 
13.0 14.0 15.0 8.0 
17.0 20.0 19.0 11.0 
19.0 18.0 18.0 12.0 
17.0 20.0 18.0 11.0 
24.0 23.0 24.0 15.0 
13.0 14.0 15.0 8.0 
14.0 14.0 15.0 9.0 

0.00 1.09 1.23 0.77 
1.09 0.00 1.28 0.90 
1.23 1.28 0.00 1.31 
0.77 0.90 1.31 0.00 

0.0 3.0 4.0 3.0 
3.0 0.0 3.0 3.0 
4.0 3.0 0.0 2.0 
3.0 3.0 2.0 0.0 

26 20 16 16 22 24 22 30 16 18 

10 3 55

-1 14 18 -1 -1 -1 -1 -1 -1 -1 
-1 -1 -1 37 -1 -1 -1 -1 -1 -1 
-1 -1 -1 28 37 -1 -1 -1 -1 -1 
-1 -1 -1 -1 -1 -1 -1 -1 -1 21 
-1 -1 -1 -1 -1 33 -1 -1 -1 -1 
-1 -1 -1 -1 -1 -1 22 -1 -1 -1 
-1 -1 -1 -1 -1 -1 -1 30 23 -1 
-1 -1 -1 -1 -1 -1 -1 -1 -1 32 
-1 -1 -1 -1 -1 -1 -1 -1 -1 20 
-1 -1 -1 -1 -1 -1 -1 -1 -1 -1 

18.0 22.0 18.0 12.0 
15.0 15.0 17.0 10.0 
16.0 14.0 16.0 9.0 
17.0 14.0 14.0 9.0 
13.0 15.0 14.0 8.0 
21.0 23.0 21.0 14.0 
18.0 18.0 17.0 11.0 
22.0 23.0 20.0 13.0 
21.0 22.0 23.0 14.0 
16.0 16.0 16.0 10.0 

0.00 1.09 1.23 0.77 
1.09 0.00 1.28 0.90 
1.23 1.28 0.00 1.31 
0.77 0.90 1.31 0.00 

0.0 3.0 4.0 3.0 
3.0 0.0 3.0 3.0 
4.0 3.0 0.0 2.0 
3.0 3.0 2.0 0.0 

24 20 18 18 16 28 22 26 28 20 

10 3 48

-1 -1 14 -1 -1 -1 -1 -1 -1 -1 
-1 -1 14 20 -1 -1 -1 -1 -1 -1 
-1 -1 -1 -1 -1 -1 26 -1 -1 -1 
-1 -1 -1 -1 15 -1 -1 -1 -1 -1 
-1 -1 -1 -1 -1 21 -1 -1 -1 -1 
-1 -1 -1 -1 -1 -1 36 -1 -1 -1 
-1 -1 -1 -1 -1 -1 -1 34 26 -1 
-1 -1 -1 -1 -1 -1 -1 -1 -1 18 
-1 -1 -1 -1 -1 -1 -1 -1 -1 35 
-1 -1 -1 -1 -1 -1 -1 -1 -1 -1 

12.0 21.0 15.0 8.0 
18.0 18.0 14.0 9.0 
22.0 12.0 18.0 8.0 
16.0 16.0 28.0 10.0 
17.0 18.0 26.0 11.0 
23.0 22.0 18.0 12.0 
14.0 12.0 14.0 8.0 
13.0 18.0 13.0 8.0 
11.0 13.0 21.0 7.0 
24.0 27.0 27.0 16.0 

0.00 1.39 1.34 0.90 
1.39 0.00 1.05 0.99 
1.34 1.05 0.00 1.06 
0.90 0.99 1.06 0.00 

0.0 4.0 4.0 3.0 
4.0 0.0 4.0 3.0 
4.0 4.0 0.0 4.0 
3.0 3.0 4.0 0.0 

16 18 16 20 22 24 16 16 14 32 

10 3 45

-1 13 27 -1 -1 -1 -1 -1 -1 -1 
-1 -1 -1 -1 -1 -1 36 -1 -1 -1 
-1 -1 -1 35 -1 -1 -1 -1 -1 -1 
-1 -1 -1 -1 29 -1 -1 -1 -1 -1 
-1 -1 -1 -1 -1 30 23 -1 -1 -1 
-1 -1 -1 -1 -1 -1 39 -1 -1 -1 
-1 -1 -1 -1 -1 -1 -1 34 -1 -1 
-1 -1 -1 -1 -1 -1 -1 -1 14 14 
-1 -1 -1 -1 -1 -1 -1 -1 -1 -1 
-1 -1 -1 -1 -1 -1 -1 -1 -1 -1 

18.0 16.0 12.0 8.0 
19.0 14.0 22.0 9.0 
18.0 17.0 13.0 8.0 
20.0 14.0 18.0 9.0 
14.0 14.0 9.0 6.0 
22.0 26.0 17.0 11.0 
17.0 13.0 11.0 7.0 
21.0 15.0 24.0 10.0 
24.0 27.0 15.0 10.0 
18.0 29.0 22.0 12.0 

0.00 1.39 1.34 0.90 
1.39 0.00 1.05 0.99 
1.34 1.05 0.00 1.06 
0.90 0.99 1.06 0.00 

0.0 4.0 4.0 3.0 
4.0 0.0 4.0 3.0 
4.0 4.0 0.0 4.0 
3.0 3.0 4.0 0.0 

16 18 16 18 12 22 14 20 20 24 

10 3 47

-1 20 -1 -1 -1 -1 -1 -1 -1 -1 
-1 -1 23 32 -1 -1 -1 -1 -1 -1 
-1 -1 -1 -1 24 -1 -1 -1 -1 -1 
-1 -1 -1 -1 18 29 -1 -1 -1 -1 
-1 -1 -1 -1 -1 34 -1 -1 -1 -1 
-1 -1 -1 -1 -1 -1 14 -1 -1 -1 
-1 -1 -1 -1 -1 -1 -1 13 -1 -1 
-1 -1 -1 -1 -1 -1 -1 -1 28 19 
-1 -1 -1 -1 -1 -1 -1 -1 -1 -1 
-1 -1 -1 -1 -1 -1 -1 -1 -1 -1 

14.0 17.0 13.0 8.0 
16.0 27.0 27.0 10.0 
20.0 10.0 17.0 6.0 
14.0 15.0 15.0 9.0 
23.0 23.0 21.0 14.0 
22.0 17.0 25.0 11.0 
18.0 12.0 21.0 8.0 
19.0 15.0 18.0 10.0 
20.0 24.0 25.0 13.0 
10.0 14.0 20.0 6.0 

0.00 1.39 1.34 0.90 
1.39 0.00 1.05 0.99 
1.34 1.05 0.00 1.06 
0.90 0.99 1.06 0.00 

0.0 4.0 4.0 3.0 
4.0 0.0 4.0 3.0 
4.0 4.0 0.0 4.0 
3.0 3.0 4.0 0.0 

16 20 12 18 28 22 16 20 26 12 

10 3 52

-1 -1 -1 -1 -1 38 -1 -1 -1 -1 
-1 -1 -1 -1 -1 31 -1 -1 -1 -1 
-1 -1 -1 -1 37 -1 -1 -1 -1 -1 
-1 -1 -1 -1 25 29 -1 -1 -1 -1 
-1 -1 -1 -1 -1 -1 22 -1 -1 23 
-1 -1 -1 -1 -1 -1 -1 15 17 13 
-1 -1 -1 -1 -1 -1 -1 -1 -1 -1 
-1 -1 -1 -1 -1 -1 -1 -1 -1 -1 
-1 -1 -1 -1 -1 -1 -1 -1 -1 -1 
-1 -1 -1 -1 -1 -1 -1 -1 -1 -1 

17.0 12.0 13.0 8.0 
13.0 11.0 13.0 7.0 
21.0 23.0 22.0 14.0 
20.0 23.0 19.0 12.0 
12.0 13.0 14.0 8.0 
28.0 24.0 25.0 16.0 
19.0 21.0 18.0 12.0 
17.0 13.0 17.0 8.0 
20.0 17.0 14.0 9.0 
16.0 17.0 22.0 10.0 

0.00 0.64 1.41 1.04 
0.64 0.00 0.92 0.79 
1.41 0.92 0.00 0.54 
1.04 0.79 0.54 0.00 

0.0 3.0 3.0 3.0 
3.0 0.0 3.0 2.0 
3.0 3.0 0.0 4.0 
3.0 2.0 4.0 0.0 

16 14 28 24 16 32 24 16 18 20 

10 3 55

-1 -1 -1 17 -1 28 -1 -1 -1 -1 
-1 -1 -1 -1 18 -1 22 -1 -1 -1 
-1 -1 -1 -1 23 23 19 30 -1 -1 
-1 -1 -1 -1 -1 -1 -1 -1 -1 27 
-1 -1 -1 -1 -1 31 -1 -1 -1 -1 
-1 -1 -1 -1 -1 -1 -1 -1 21 -1 
-1 -1 -1 -1 -1 -1 -1 20 25 21 
-1 -1 -1 -1 -1 -1 -1 -1 -1 -1 
-1 -1 -1 -1 -1 -1 -1 -1 -1 -1 
-1 -1 -1 -1 -1 -1 -1 -1 -1 -1 

21.0 18.0 22.0 12.0 
21.0 17.0 22.0 11.0 
23.0 26.0 25.0 15.0 
16.0 22.0 25.0 10.0 
18.0 16.0 15.0 10.0 
20.0 27.0 26.0 13.0 
17.0 20.0 16.0 10.0 
16.0 19.0 20.0 10.0 
17.0 17.0 15.0 10.0 
14.0 17.0 16.0 9.0 

0.00 0.64 1.41 1.04 
0.64 0.00 0.92 0.79 
1.41 0.92 0.00 0.54 
1.04 0.79 0.54 0.00 

0.0 3.0 3.0 3.0 
3.0 0.0 3.0 2.0 
3.0 3.0 0.0 4.0 
3.0 2.0 4.0 0.0 

24 22 30 20 20 26 20 20 20 18 

10 3 54

-1 -1 -1 21 -1 18 -1 -1 -1 -1 
-1 -1 -1 -1 -1 -1 -1 14 -1 -1 
-1 -1 -1 -1 22 39 18 -1 -1 -1 
-1 -1 -1 -1 -1 -1 -1 16 -1 -1 
-1 -1 -1 -1 -1 -1 -1 -1 -1 37 
-1 -1 -1 -1 -1 -1 -1 -1 16 -1 
-1 -1 -1 -1 -1 -1 -1 18 21 22 
-1 -1 -1 -1 -1 -1 -1 -1 -1 -1 
-1 -1 -1 -1 -1 -1 -1 -1 -1 -1 
-1 -1 -1 -1 -1 -1 -1 -1 -1 -1 

26.0 27.0 26.0 17.0 
23.0 18.0 21.0 12.0 
14.0 15.0 21.0 9.0 
13.0 18.0 16.0 8.0 
15.0 14.0 17.0 9.0 
12.0 18.0 17.0 8.0 
22.0 22.0 26.0 14.0 
19.0 24.0 20.0 12.0 
19.0 19.0 15.0 10.0 
21.0 16.0 16.0 10.0 

0.00 0.64 1.41 1.04 
0.64 0.00 0.92 0.79 
1.41 0.92 0.00 0.54 
1.04 0.79 0.54 0.00 

0.0 3.0 3.0 3.0 
3.0 0.0 3.0 2.0 
3.0 3.0 0.0 4.0 
3.0 2.0 4.0 0.0 

34 24 18 16 18 16 28 24 20 20 

10 3 59

-1 -1 36 -1 -1 -1 -1 -1 -1 -1 
-1 -1 32 26 -1 -1 -1 -1 -1 -1 
-1 -1 -1 -1 33 23 -1 20 -1 -1 
-1 -1 -1 -1 -1 -1 25 34 22 20 
-1 -1 -1 -1 -1 -1 -1 -1 -1 -1 
-1 -1 -1 -1 -1 -1 -1 -1 -1 -1 
-1 -1 -1 -1 -1 -1 -1 -1 -1 -1 
-1 -1 -1 -1 -1 -1 -1 -1 -1 -1 
-1 -1 -1 -1 -1 -1 -1 -1 -1 -1 
-1 -1 -1 -1 -1 -1 -1 -1 -1 -1 

16.0 18.0 18.0 10.0 
15.0 17.0 16.0 10.0 
19.0 20.0 19.0 12.0 
23.0 24.0 23.0 15.0 
21.0 21.0 20.0 13.0 
15.0 15.0 15.0 10.0 
17.0 15.0 17.0 10.0 
21.0 22.0 21.0 14.0 
22.0 22.0 22.0 14.0 
17.0 17.0 16.0 10.0 

0.00 0.91 1.10 0.63 
0.91 0.00 0.69 1.38 
1.10 0.69 0.00 0.57 
0.63 1.38 0.57 0.00 

0.0 2.0 3.0 2.0 
2.0 0.0 3.0 3.0 
3.0 3.0 0.0 4.0 
2.0 3.0 4.0 0.0 

20 20 24 30 26 20 20 28 28 20 

10 3 60

-1 -1 -1 15 -1 -1 -1 -1 -1 -1 
-1 -1 -1 -1 24 -1 -1 -1 -1 -1 
-1 -1 -1 -1 20 28 -1 -1 -1 -1 
-1 -1 -1 -1 -1 -1 17 -1 32 -1 
-1 -1 -1 -1 -1 -1 -1 20 -1 25 
-1 -1 -1 -1 -1 -1 -1 35 27 38 
-1 -1 -1 -1 -1 -1 -1 -1 -1 -1 
-1 -1 -1 -1 -1 -1 -1 -1 -1 -1 
-1 -1 -1 -1 -1 -1 -1 -1 -1 -1 
-1 -1 -1 -1 -1 -1 -1 -1 -1 -1 

19.0 17.0 19.0 11.0 
16.0 16.0 15.0 10.0 
15.0 13.0 13.0 8.0 
24.0 22.0 23.0 14.0 
19.0 16.0 18.0 10.0 
23.0 23.0 24.0 15.0 
18.0 18.0 18.0 12.0 
23.0 22.0 21.0 14.0 
20.0 20.0 20.0 13.0 
21.0 22.0 25.0 14.0 

0.00 0.91 1.10 0.63 
0.91 0.00 0.69 1.38 
1.10 0.69 0.00 0.57 
0.63 1.38 0.57 0.00 

0.0 2.0 3.0 2.0 
2.0 0.0 3.0 3.0 
3.0 3.0 0.0 4.0 
2.0 3.0 4.0 0.0 

22 20 16 28 20 30 24 28 26 28 

10 3 52

-1 -1 -1 21 -1 17 -1 -1 -1 -1 
-1 -1 -1 -1 22 -1 -1 -1 -1 -1 
-1 -1 -1 -1 14 13 25 -1 -1 -1 
-1 -1 -1 -1 -1 -1 -1 -1 35 -1 
-1 -1 -1 -1 -1 -1 -1 -1 33 -1 
-1 -1 -1 -1 -1 -1 -1 -1 -1 33 
-1 -1 -1 -1 -1 -1 -1 38 28 37 
-1 -1 -1 -1 -1 -1 -1 -1 -1 -1 
-1 -1 -1 -1 -1 -1 -1 -1 -1 -1 
-1 -1 -1 -1 -1 -1 -1 -1 -1 -1 

19.0 20.0 20.0 12.0 
19.0 20.0 20.0 12.0 
14.0 15.0 14.0 9.0 
16.0 16.0 14.0 9.0 
16.0 18.0 15.0 10.0 
14.0 15.0 13.0 8.0 
15.0 17.0 17.0 10.0 
23.0 23.0 21.0 14.0 
15.0 14.0 17.0 9.0 
19.0 17.0 18.0 11.0 

0.00 0.91 1.10 0.63 
0.91 0.00 0.69 1.38 
1.10 0.69 0.00 0.57 
0.63 1.38 0.57 0.00 

0.0 2.0 3.0 2.0 
2.0 0.0 3.0 3.0 
3.0 3.0 0.0 4.0 
2.0 3.0 4.0 0.0 

24 24 18 18 20 16 20 28 18 22 

10 3 46

-1 -1 -1 36 13 -1 -1 -1 -1 -1 
-1 -1 18 14 23 24 14 -1 -1 -1 
-1 -1 -1 -1 -1 -1 -1 14 -1 -1 
-1 -1 -1 -1 -1 18 -1 -1 -1 -1 
-1 -1 -1 -1 -1 -1 -1 -1 -1 24 
-1 -1 -1 -1 -1 -1 -1 32 -1 -1 
-1 -1 -1 -1 -1 -1 -1 -1 25 29 
-1 -1 -1 -1 -1 -1 -1 -1 -1 -1 
-1 -1 -1 -1 -1 -1 -1 -1 -1 -1 
-1 -1 -1 -1 -1 -1 -1 -1 -1 -1 

18.0 13.0 17.0 8.0 
23.0 15.0 27.0 10.0 
11.0 10.0 15.0 6.0 
14.0 17.0 13.0 8.0 
25.0 15.0 26.0 10.0 
21.0 15.0 21.0 10.0 
14.0 16.0 24.0 9.0 
18.0 15.0 22.0 10.0 
17.0 25.0 17.0 11.0 
15.0 15.0 18.0 10.0 

0.00 1.11 1.32 0.88 
1.11 0.00 1.40 0.53 
1.32 1.40 0.00 0.79 
0.88 0.53 0.79 0.00 

0.0 4.0 2.0 2.0 
4.0 0.0 2.0 3.0 
2.0 2.0 0.0 3.0 
2.0 3.0 3.0 0.0 

16 20 12 16 20 20 18 20 22 20 

10 3 46

-1 -1 -1 -1 -1 -1 29 -1 -1 -1 
-1 -1 -1 33 -1 -1 -1 -1 -1 -1 
-1 -1 -1 13 39 -1 -1 -1 -1 -1 
-1 -1 -1 -1 -1 32 -1 36 -1 -1 
-1 -1 -1 -1 -1 -1 26 27 18 20 
-1 -1 -1 -1 -1 -1 -1 -1 -1 -1 
-1 -1 -1 -1 -1 -1 -1 -1 -1 -1 
-1 -1 -1 -1 -1 -1 -1 -1 -1 -1 
-1 -1 -1 -1 -1 -1 -1 -1 -1 -1 
-1 -1 -1 -1 -1 -1 -1 -1 -1 -1 

14.0 18.0 19.0 9.0 
20.0 12.0 18.0 8.0 
9.0 19.0 14.0 6.0 
22.0 17.0 14.0 9.0 
13.0 12.0 11.0 7.0 
13.0 25.0 26.0 8.0 
21.0 18.0 18.0 12.0 
19.0 16.0 14.0 9.0 
23.0 21.0 25.0 14.0 
20.0 15.0 30.0 10.0 

0.00 1.11 1.32 0.88 
1.11 0.00 1.40 0.53 
1.32 1.40 0.00 0.79 
0.88 0.53 0.79 0.00 

0.0 4.0 2.0 2.0 
4.0 0.0 2.0 3.0 
2.0 2.0 0.0 3.0 
2.0 3.0 3.0 0.0 

18 16 12 18 14 16 24 18 28 20 

10 3 44

-1 -1 -1 -1 28 -1 -1 -1 -1 -1 
-1 -1 -1 -1 -1 21 -1 -1 -1 -1 
-1 -1 -1 28 39 39 -1 -1 -1 -1 
-1 -1 -1 -1 -1 -1 -1 26 31 -1 
-1 -1 -1 -1 -1 33 -1 -1 -1 -1 
-1 -1 -1 -1 -1 -1 14 28 25 28 
-1 -1 -1 -1 -1 -1 -1 -1 -1 -1 
-1 -1 -1 -1 -1 -1 -1 -1 -1 -1 
-1 -1 -1 -1 -1 -1 -1 -1 -1 -1 
-1 -1 -1 -1 -1 -1 -1 -1 -1 -1 

13.0 15.0 10.0 6.0 
12.0 16.0 14.0 8.0 
10.0 13.0 11.0 6.0 
27.0 24.0 16.0 10.0 
18.0 21.0 13.0 8.0 
21.0 27.0 25.0 14.0 
23.0 15.0 27.0 10.0 
15.0 19.0 17.0 10.0 
21.0 12.0 13.0 8.0 
13.0 26.0 15.0 8.0 

0.00 1.11 1.32 0.88 
1.11 0.00 1.40 0.53 
1.32 1.40 0.00 0.79 
0.88 0.53 0.79 0.00 

0.0 4.0 2.0 2.0 
4.0 0.0 2.0 3.0 
2.0 2.0 0.0 3.0 
2.0 3.0 3.0 0.0 

12 16 12 20 16 28 20 20 16 16 

