5 3 23

-1 19 19 -1 -1 
-1 -1 -1 19 9 
-1 -1 -1 16 7 
-1 -1 -1 -1 -1 
-1 -1 -1 -1 -1 

14.0 19.0 18.0 9.0 
15.0 18.0 19.0 10.0 
13.0 12.0 13.0 8.0 
12.0 12.0 13.0 8.0 
21.0 21.0 18.0 12.0 

0.00 1.23 0.69 0.88 
1.23 0.00 1.20 1.36 
0.69 1.20 0.00 1.06 
0.88 1.36 1.06 0.00 

0.0 2.0 2.0 3.0 
2.0 0.0 3.0 3.0 
2.0 3.0 0.0 3.0 
3.0 3.0 3.0 0.0 

18 20 16 16 24 

5 3 29

-1 17 19 -1 -1 
-1 -1 -1 8 10 
-1 -1 -1 10 19 
-1 -1 -1 -1 -1 
-1 -1 -1 -1 -1 

27.0 18.0 24.0 12.0 
15.0 15.0 16.0 10.0 
22.0 27.0 24.0 14.0 
15.0 18.0 12.0 8.0 
23.0 22.0 22.0 14.0 

0.00 1.23 0.69 0.88 
1.23 0.00 1.20 1.36 
0.69 1.20 0.00 1.06 
0.88 1.36 1.06 0.00 

0.0 2.0 2.0 3.0 
2.0 0.0 3.0 3.0 
2.0 3.0 0.0 3.0 
3.0 3.0 3.0 0.0 

24 20 28 16 28 

5 3 28

-1 13 7 -1 -1 
-1 -1 -1 7 9 
-1 -1 -1 9 18 
-1 -1 -1 -1 -1 
-1 -1 -1 -1 -1 

20.0 24.0 29.0 13.0 
16.0 16.0 24.0 10.0 
17.0 13.0 20.0 8.0 
21.0 21.0 21.0 14.0 
27.0 25.0 19.0 12.0 

0.00 1.23 0.69 0.88 
1.23 0.00 1.20 1.36 
0.69 1.20 0.00 1.06 
0.88 1.36 1.06 0.00 

0.0 2.0 2.0 3.0 
2.0 0.0 3.0 3.0 
2.0 3.0 0.0 3.0 
3.0 3.0 3.0 0.0 

26 20 16 28 24 

5 3 28

-1 19 18 -1 -1 
-1 -1 -1 14 15 
-1 -1 -1 18 10 
-1 -1 -1 -1 -1 
-1 -1 -1 -1 -1 

17.0 14.0 16.0 9.0 
21.0 22.0 20.0 13.0 
23.0 22.0 23.0 14.0 
21.0 19.0 19.0 12.0 
15.0 15.0 14.0 9.0 

0.00 0.50 0.71 1.44 
0.50 0.00 1.47 1.47 
0.71 1.47 0.00 0.57 
1.44 1.47 0.57 0.00 

0.0 2.0 3.0 3.0 
2.0 0.0 2.0 4.0 
3.0 2.0 0.0 3.0 
3.0 4.0 3.0 0.0 

18 26 28 24 18 

5 3 29

-1 13 19 -1 -1 
-1 -1 -1 18 20 
-1 -1 -1 12 13 
-1 -1 -1 -1 -1 
-1 -1 -1 -1 -1 

16.0 18.0 15.0 10.0 
18.0 20.0 21.0 12.0 
17.0 18.0 20.0 11.0 
25.0 25.0 25.0 16.0 
15.0 14.0 17.0 9.0 

0.00 0.50 0.71 1.44 
0.50 0.00 1.47 1.47 
0.71 1.47 0.00 0.57 
1.44 1.47 0.57 0.00 

0.0 2.0 3.0 3.0 
2.0 0.0 2.0 4.0 
3.0 2.0 0.0 3.0 
3.0 4.0 3.0 0.0 

20 24 22 32 18 

5 3 27

-1 10 9 -1 -1 
-1 -1 -1 12 7 
-1 -1 -1 9 15 
-1 -1 -1 -1 -1 
-1 -1 -1 -1 -1 

19.0 16.0 18.0 10.0 
22.0 23.0 21.0 14.0 
17.0 15.0 16.0 10.0 
16.0 15.0 14.0 9.0 
19.0 19.0 23.0 12.0 

0.00 0.50 0.71 1.44 
0.50 0.00 1.47 1.47 
0.71 1.47 0.00 0.57 
1.44 1.47 0.57 0.00 

0.0 2.0 3.0 3.0 
2.0 0.0 2.0 4.0 
3.0 2.0 0.0 3.0 
3.0 4.0 3.0 0.0 

20 28 20 18 24 

5 3 20

-1 10 8 -1 -1 
-1 -1 -1 19 7 
-1 -1 -1 9 17 
-1 -1 -1 -1 -1 
-1 -1 -1 -1 -1 

14.0 11.0 16.0 7.0 
19.0 15.0 11.0 7.0 
24.0 24.0 15.0 10.0 
23.0 17.0 17.0 11.0 
10.0 10.0 20.0 6.0 

0.00 1.19 0.57 0.83 
1.19 0.00 1.45 0.50 
0.57 1.45 0.00 0.59 
0.83 0.50 0.59 0.00 

0.0 3.0 2.0 2.0 
3.0 0.0 2.0 3.0 
2.0 2.0 0.0 2.0 
2.0 3.0 2.0 0.0 

14 14 20 22 12 

5 3 22

-1 7 18 -1 -1 
-1 -1 -1 14 18 
-1 -1 -1 9 8 
-1 -1 -1 -1 -1 
-1 -1 -1 -1 -1 

23.0 11.0 23.0 7.0 
17.0 22.0 14.0 9.0 
14.0 18.0 24.0 9.0 
14.0 18.0 19.0 9.0 
16.0 17.0 18.0 10.0 

0.00 1.19 0.57 0.83 
1.19 0.00 1.45 0.50 
0.57 1.45 0.00 0.59 
0.83 0.50 0.59 0.00 

0.0 3.0 2.0 2.0 
3.0 0.0 2.0 3.0 
2.0 2.0 0.0 2.0 
2.0 3.0 2.0 0.0 

14 18 18 18 20 

5 3 24

-1 13 9 -1 -1 
-1 -1 -1 18 15 
-1 -1 -1 21 8 
-1 -1 -1 -1 -1 
-1 -1 -1 -1 -1 

26.0 16.0 18.0 10.0 
20.0 20.0 16.0 10.0 
11.0 10.0 17.0 6.0 
20.0 22.0 13.0 8.0 
25.0 21.0 21.0 14.0 

0.00 1.19 0.57 0.83 
1.19 0.00 1.45 0.50 
0.57 1.45 0.00 0.59 
0.83 0.50 0.59 0.00 

0.0 3.0 2.0 2.0 
3.0 0.0 2.0 3.0 
2.0 2.0 0.0 2.0 
2.0 3.0 2.0 0.0 

20 20 12 16 28 

5 3 29

-1 1 1 -1 -1 
-1 -1 -1 1 2 
-1 -1 -1 3 3 
-1 -1 -1 -1 -1 
-1 -1 -1 -1 -1 

15.0 18.0 16.0 10.0 
20.0 22.0 18.0 12.0 
25.0 19.0 26.0 12.0 
16.0 17.0 15.0 10.0 
21.0 24.0 22.0 14.0 

0.00 0.66 0.80 1.35 
0.66 0.00 0.88 0.94 
0.80 0.88 0.00 0.63 
1.35 0.94 0.63 0.00 

0.0 4.0 2.0 4.0 
4.0 0.0 4.0 2.0 
2.0 4.0 0.0 4.0 
4.0 2.0 4.0 0.0 

20 24 24 20 28 

5 3 26

-1 3 2 -1 -1 
-1 -1 -1 3 1 
-1 -1 -1 2 2 
-1 -1 -1 -1 -1 
-1 -1 -1 -1 -1 

16.0 16.0 15.0 10.0 
29.0 19.0 18.0 12.0 
25.0 26.0 20.0 13.0 
16.0 19.0 14.0 9.0 
14.0 14.0 16.0 9.0 

0.00 0.66 0.80 1.35 
0.66 0.00 0.88 0.94 
0.80 0.88 0.00 0.63 
1.35 0.94 0.63 0.00 

0.0 4.0 2.0 4.0 
4.0 0.0 4.0 2.0 
2.0 4.0 0.0 4.0 
4.0 2.0 4.0 0.0 

20 24 26 18 18 

5 3 26

-1 2 1 -1 -1 
-1 -1 -1 1 1 
-1 -1 -1 1 3 
-1 -1 -1 -1 -1 
-1 -1 -1 -1 -1 

18.0 23.0 15.0 10.0 
24.0 29.0 23.0 15.0 
13.0 16.0 18.0 8.0 
16.0 18.0 21.0 10.0 
19.0 18.0 16.0 10.0 

0.00 0.66 0.80 1.35 
0.66 0.00 0.88 0.94 
0.80 0.88 0.00 0.63 
1.35 0.94 0.63 0.00 

0.0 4.0 2.0 4.0 
4.0 0.0 4.0 2.0 
2.0 4.0 0.0 4.0 
4.0 2.0 4.0 0.0 

20 30 16 20 20 

5 3 32

-1 1 1 -1 -1 
-1 -1 -1 2 3 
-1 -1 -1 2 2 
-1 -1 -1 -1 -1 
-1 -1 -1 -1 -1 

21.0 22.0 18.0 12.0 
18.0 19.0 17.0 11.0 
18.0 19.0 19.0 12.0 
24.0 25.0 26.0 16.0 
21.0 22.0 20.0 13.0 

0.00 1.29 0.78 1.09 
1.29 0.00 0.55 1.42 
0.78 0.55 0.00 1.43 
1.09 1.42 1.43 0.00 

0.0 2.0 3.0 3.0 
2.0 0.0 4.0 4.0 
3.0 4.0 0.0 4.0 
3.0 4.0 4.0 0.0 

24 22 24 32 26 

5 3 32

-1 1 2 -1 -1 
-1 -1 -1 2 1 
-1 -1 -1 1 3 
-1 -1 -1 -1 -1 
-1 -1 -1 -1 -1 

22.0 26.0 22.0 14.0 
24.0 23.0 24.0 15.0 
15.0 14.0 13.0 8.0 
18.0 20.0 19.0 12.0 
23.0 26.0 26.0 15.0 

0.00 1.29 0.78 1.09 
1.29 0.00 0.55 1.42 
0.78 0.55 0.00 1.43 
1.09 1.42 1.43 0.00 

0.0 2.0 3.0 3.0 
2.0 0.0 4.0 4.0 
3.0 4.0 0.0 4.0 
3.0 4.0 4.0 0.0 

28 30 16 24 30 

5 3 27

-1 3 2 -1 -1 
-1 -1 -1 2 1 
-1 -1 -1 1 2 
-1 -1 -1 -1 -1 
-1 -1 -1 -1 -1 

17.0 17.0 16.0 10.0 
22.0 22.0 19.0 12.0 
16.0 15.0 17.0 10.0 
14.0 16.0 16.0 9.0 
20.0 21.0 20.0 13.0 

0.00 1.29 0.78 1.09 
1.29 0.00 0.55 1.42 
0.78 0.55 0.00 1.43 
1.09 1.42 1.43 0.00 

0.0 2.0 3.0 3.0 
2.0 0.0 4.0 4.0 
3.0 4.0 0.0 4.0 
3.0 4.0 4.0 0.0 

20 24 20 18 26 

5 3 27

-1 2 2 -1 -1 
-1 -1 -1 1 2 
-1 -1 -1 1 2 
-1 -1 -1 -1 -1 
-1 -1 -1 -1 -1 

28.0 22.0 19.0 12.0 
23.0 17.0 14.0 9.0 
23.0 20.0 22.0 13.0 
17.0 16.0 26.0 10.0 
15.0 21.0 23.0 10.0 

0.00 1.34 1.23 1.22 
1.34 0.00 0.52 1.38 
1.23 0.52 0.00 1.11 
1.22 1.38 1.11 0.00 

0.0 2.0 3.0 2.0 
2.0 0.0 4.0 2.0 
3.0 4.0 0.0 4.0 
2.0 2.0 4.0 0.0 

24 18 26 20 20 

5 3 20

-1 2 3 -1 -1 
-1 -1 -1 1 2 
-1 -1 -1 2 3 
-1 -1 -1 -1 -1 
-1 -1 -1 -1 -1 

11.0 18.0 16.0 7.0 
24.0 15.0 25.0 10.0 
22.0 16.0 28.0 10.0 
17.0 10.0 16.0 6.0 
11.0 22.0 19.0 7.0 

0.00 1.34 1.23 1.22 
1.34 0.00 0.52 1.38 
1.23 0.52 0.00 1.11 
1.22 1.38 1.11 0.00 

0.0 2.0 3.0 2.0 
2.0 0.0 4.0 2.0 
3.0 4.0 0.0 4.0 
2.0 2.0 4.0 0.0 

14 20 20 12 14 

5 3 27

-1 3 1 -1 -1 
-1 -1 -1 1 3 
-1 -1 -1 2 1 
-1 -1 -1 -1 -1 
-1 -1 -1 -1 -1 

18.0 18.0 22.0 12.0 
18.0 30.0 25.0 12.0 
12.0 19.0 21.0 8.0 
23.0 14.0 18.0 9.0 
21.0 25.0 28.0 14.0 

0.00 1.34 1.23 1.22 
1.34 0.00 0.52 1.38 
1.23 0.52 0.00 1.11 
1.22 1.38 1.11 0.00 

0.0 2.0 3.0 2.0 
2.0 0.0 4.0 2.0 
3.0 4.0 0.0 4.0 
2.0 2.0 4.0 0.0 

24 24 16 18 28 

5 3 27

-1 14 27 -1 -1 
-1 -1 -1 14 20 
-1 -1 -1 18 34 
-1 -1 -1 -1 -1 
-1 -1 -1 -1 -1 

18.0 13.0 17.0 8.0 
13.0 17.0 12.0 8.0 
21.0 18.0 20.0 12.0 
19.0 18.0 18.0 12.0 
22.0 25.0 27.0 14.0 

0.00 1.16 0.89 1.32 
1.16 0.00 0.78 0.50 
0.89 0.78 0.00 1.41 
1.32 0.50 1.41 0.00 

0.0 3.0 3.0 3.0 
3.0 0.0 4.0 2.0 
3.0 4.0 0.0 4.0 
3.0 2.0 4.0 0.0 

16 16 24 24 28 

5 3 26

-1 37 33 -1 -1 
-1 -1 -1 14 15 
-1 -1 -1 14 38 
-1 -1 -1 -1 -1 
-1 -1 -1 -1 -1 

16.0 17.0 13.0 8.0 
27.0 25.0 21.0 14.0 
15.0 19.0 13.0 8.0 
24.0 20.0 25.0 13.0 
15.0 16.0 20.0 10.0 

0.00 1.16 0.89 1.32 
1.16 0.00 0.78 0.50 
0.89 0.78 0.00 1.41 
1.32 0.50 1.41 0.00 

0.0 3.0 3.0 3.0 
3.0 0.0 4.0 2.0 
3.0 4.0 0.0 4.0 
3.0 2.0 4.0 0.0 

16 28 16 26 20 

5 3 27

-1 14 16 -1 -1 
-1 -1 -1 38 13 
-1 -1 -1 22 22 
-1 -1 -1 -1 -1 
-1 -1 -1 -1 -1 

20.0 24.0 26.0 13.0 
18.0 26.0 24.0 12.0 
15.0 19.0 12.0 8.0 
14.0 16.0 21.0 9.0 
19.0 25.0 21.0 12.0 

0.00 1.16 0.89 1.32 
1.16 0.00 0.78 0.50 
0.89 0.78 0.00 1.41 
1.32 0.50 1.41 0.00 

0.0 3.0 3.0 3.0 
3.0 0.0 4.0 2.0 
3.0 4.0 0.0 4.0 
3.0 2.0 4.0 0.0 

26 24 16 18 24 

5 3 25

-1 27 26 -1 -1 
-1 -1 -1 21 15 
-1 -1 -1 20 32 
-1 -1 -1 -1 -1 
-1 -1 -1 -1 -1 

15.0 17.0 14.0 9.0 
26.0 21.0 21.0 14.0 
17.0 17.0 16.0 10.0 
16.0 14.0 16.0 9.0 
16.0 14.0 16.0 9.0 

0.00 1.44 0.60 1.18 
1.44 0.00 1.12 0.60 
0.60 1.12 0.00 0.78 
1.18 0.60 0.78 0.00 

0.0 2.0 2.0 2.0 
2.0 0.0 2.0 3.0 
2.0 2.0 0.0 2.0 
2.0 3.0 2.0 0.0 

18 28 20 18 18 

5 3 30

-1 32 37 -1 -1 
-1 -1 -1 34 15 
-1 -1 -1 14 26 
-1 -1 -1 -1 -1 
-1 -1 -1 -1 -1 

14.0 15.0 14.0 9.0 
24.0 24.0 21.0 14.0 
20.0 20.0 18.0 12.0 
21.0 19.0 20.0 12.0 
23.0 21.0 23.0 14.0 

0.00 1.44 0.60 1.18 
1.44 0.00 1.12 0.60 
0.60 1.12 0.00 0.78 
1.18 0.60 0.78 0.00 

0.0 2.0 2.0 2.0 
2.0 0.0 2.0 3.0 
2.0 2.0 0.0 2.0 
2.0 3.0 2.0 0.0 

18 28 24 24 28 

5 3 29

-1 30 28 -1 -1 
-1 -1 -1 39 27 
-1 -1 -1 36 30 
-1 -1 -1 -1 -1 
-1 -1 -1 -1 -1 

21.0 26.0 26.0 14.0 
22.0 18.0 19.0 12.0 
23.0 21.0 19.0 12.0 
21.0 19.0 22.0 12.0 
15.0 13.0 14.0 8.0 

0.00 1.44 0.60 1.18 
1.44 0.00 1.12 0.60 
0.60 1.12 0.00 0.78 
1.18 0.60 0.78 0.00 

0.0 2.0 2.0 2.0 
2.0 0.0 2.0 3.0 
2.0 2.0 0.0 2.0 
2.0 3.0 2.0 0.0 

28 24 24 24 16 

5 3 23

-1 13 20 -1 -1 
-1 -1 -1 22 20 
-1 -1 -1 29 15 
-1 -1 -1 -1 -1 
-1 -1 -1 -1 -1 

16.0 11.0 18.0 7.0 
9.0 9.0 10.0 6.0 
21.0 27.0 23.0 14.0 
26.0 15.0 17.0 10.0 
14.0 28.0 16.0 9.0 

0.00 0.80 0.59 0.71 
0.80 0.00 1.33 1.25 
0.59 1.33 0.00 0.71 
0.71 1.25 0.71 0.00 

0.0 4.0 3.0 4.0 
4.0 0.0 3.0 2.0 
3.0 3.0 0.0 3.0 
4.0 2.0 3.0 0.0 

14 12 28 20 18 

5 3 26

-1 25 36 -1 -1 
-1 -1 -1 26 36 
-1 -1 -1 14 31 
-1 -1 -1 -1 -1 
-1 -1 -1 -1 -1 

28.0 25.0 17.0 11.0 
17.0 19.0 20.0 11.0 
17.0 18.0 10.0 6.0 
14.0 26.0 26.0 9.0 
23.0 25.0 27.0 15.0 

0.00 0.80 0.59 0.71 
0.80 0.00 1.33 1.25 
0.59 1.33 0.00 0.71 
0.71 1.25 0.71 0.00 

0.0 4.0 3.0 4.0 
4.0 0.0 3.0 2.0 
3.0 3.0 0.0 3.0 
4.0 2.0 3.0 0.0 

22 22 12 18 30 

5 3 19

-1 36 24 -1 -1 
-1 -1 -1 25 25 
-1 -1 -1 30 13 
-1 -1 -1 -1 -1 
-1 -1 -1 -1 -1 

10.0 17.0 19.0 6.0 
22.0 16.0 14.0 9.0 
11.0 12.0 23.0 7.0 
25.0 20.0 12.0 8.0 
14.0 15.0 19.0 9.0 

0.00 0.80 0.59 0.71 
0.80 0.00 1.33 1.25 
0.59 1.33 0.00 0.71 
0.71 1.25 0.71 0.00 

0.0 4.0 3.0 4.0 
4.0 0.0 3.0 2.0 
3.0 3.0 0.0 3.0 
4.0 2.0 3.0 0.0 

12 18 14 16 18 

