15 3 80

-1 19 19 -1 -1 -1 -1 -1 -1 -1 -1 -1 -1 -1 -1 
-1 -1 -1 19 9 -1 -1 -1 -1 -1 -1 -1 -1 -1 -1 
-1 -1 -1 -1 -1 16 7 -1 -1 -1 -1 -1 -1 -1 -1 
-1 -1 -1 -1 -1 -1 -1 21 16 -1 -1 -1 -1 -1 -1 
-1 -1 -1 -1 -1 -1 -1 18 17 -1 -1 -1 -1 -1 -1 
-1 -1 -1 -1 -1 -1 -1 -1 -1 10 21 -1 -1 -1 -1 
-1 -1 -1 -1 -1 -1 -1 -1 -1 9 19 -1 -1 -1 -1 
-1 -1 -1 -1 -1 -1 -1 -1 -1 -1 -1 7 -1 9 -1 
-1 -1 -1 -1 -1 -1 -1 -1 -1 -1 -1 -1 21 -1 9 
-1 -1 -1 -1 -1 -1 -1 -1 -1 -1 -1 8 -1 18 -1 
-1 -1 -1 -1 -1 -1 -1 -1 -1 -1 -1 -1 21 -1 11 
-1 -1 -1 -1 -1 -1 -1 -1 -1 -1 -1 -1 -1 -1 -1 
-1 -1 -1 -1 -1 -1 -1 -1 -1 -1 -1 -1 -1 -1 -1 
-1 -1 -1 -1 -1 -1 -1 -1 -1 -1 -1 -1 -1 -1 -1 
-1 -1 -1 -1 -1 -1 -1 -1 -1 -1 -1 -1 -1 -1 -1 

21.0 21.0 18.0 12.0 
12.0 13.0 17.0 8.0 
24.0 17.0 27.0 11.0 
17.0 14.0 15.0 9.0 
19.0 24.0 21.0 12.0 
18.0 17.0 15.0 10.0 
20.0 20.0 25.0 13.0 
25.0 24.0 16.0 10.0 
12.0 12.0 11.0 7.0 
20.0 24.0 29.0 13.0 
16.0 16.0 24.0 10.0 
17.0 13.0 20.0 8.0 
21.0 21.0 21.0 14.0 
27.0 25.0 19.0 12.0 
18.0 19.0 17.0 11.0 

0.00 1.23 0.69 0.88 
1.23 0.00 1.20 1.36 
0.69 1.20 0.00 1.06 
0.88 1.36 1.06 0.00 

0.0 2.0 2.0 3.0 
2.0 0.0 3.0 3.0 
2.0 3.0 0.0 3.0 
3.0 3.0 3.0 0.0 

24 16 22 18 24 20 26 20 14 26 20 16 28 24 22 

15 3 78

-1 8 14 -1 -1 -1 -1 -1 -1 -1 -1 -1 -1 -1 -1 
-1 -1 -1 13 21 -1 -1 -1 -1 -1 -1 -1 -1 -1 -1 
-1 -1 -1 -1 -1 14 9 -1 -1 -1 -1 -1 -1 -1 -1 
-1 -1 -1 -1 -1 -1 -1 18 7 -1 -1 -1 -1 -1 -1 
-1 -1 -1 -1 -1 -1 -1 8 21 -1 -1 -1 -1 -1 -1 
-1 -1 -1 -1 -1 -1 -1 -1 -1 12 13 -1 -1 -1 -1 
-1 -1 -1 -1 -1 -1 -1 -1 -1 17 17 -1 -1 -1 -1 
-1 -1 -1 -1 -1 -1 -1 -1 -1 -1 -1 19 -1 18 -1 
-1 -1 -1 -1 -1 -1 -1 -1 -1 -1 -1 -1 14 -1 15 
-1 -1 -1 -1 -1 -1 -1 -1 -1 -1 -1 18 -1 10 -1 
-1 -1 -1 -1 -1 -1 -1 -1 -1 -1 -1 -1 13 -1 18 
-1 -1 -1 -1 -1 -1 -1 -1 -1 -1 -1 -1 -1 -1 -1 
-1 -1 -1 -1 -1 -1 -1 -1 -1 -1 -1 -1 -1 -1 -1 
-1 -1 -1 -1 -1 -1 -1 -1 -1 -1 -1 -1 -1 -1 -1 
-1 -1 -1 -1 -1 -1 -1 -1 -1 -1 -1 -1 -1 -1 -1 

18.0 18.0 24.0 12.0 
19.0 15.0 18.0 10.0 
25.0 22.0 19.0 12.0 
21.0 15.0 18.0 10.0 
12.0 18.0 16.0 8.0 
14.0 17.0 19.0 9.0 
16.0 16.0 21.0 10.0 
20.0 17.0 23.0 11.0 
15.0 16.0 18.0 10.0 
22.0 22.0 28.0 14.0 
14.0 12.0 18.0 8.0 
15.0 15.0 16.0 10.0 
15.0 14.0 19.0 9.0 
18.0 20.0 18.0 12.0 
22.0 25.0 17.0 11.0 

0.00 1.23 0.69 0.88 
1.23 0.00 1.20 1.36 
0.69 1.20 0.00 1.06 
0.88 1.36 1.06 0.00 

0.0 2.0 2.0 3.0 
2.0 0.0 3.0 3.0 
2.0 3.0 0.0 3.0 
3.0 3.0 3.0 0.0 

24 20 24 20 16 18 20 22 20 28 16 20 18 24 22 

15 3 74

-1 11 11 -1 -1 -1 -1 -1 -1 -1 -1 -1 -1 -1 -1 
-1 -1 -1 18 20 -1 -1 -1 -1 -1 -1 -1 -1 -1 -1 
-1 -1 -1 -1 -1 19 14 -1 -1 -1 -1 -1 -1 -1 -1 
-1 -1 -1 -1 -1 -1 -1 14 12 -1 -1 -1 -1 -1 -1 
-1 -1 -1 -1 -1 -1 -1 12 21 -1 -1 -1 -1 -1 -1 
-1 -1 -1 -1 -1 -1 -1 -1 -1 11 14 -1 -1 -1 -1 
-1 -1 -1 -1 -1 -1 -1 -1 -1 17 11 -1 -1 -1 -1 
-1 -1 -1 -1 -1 -1 -1 -1 -1 -1 -1 15 -1 19 -1 
-1 -1 -1 -1 -1 -1 -1 -1 -1 -1 -1 -1 11 -1 21 
-1 -1 -1 -1 -1 -1 -1 -1 -1 -1 -1 13 -1 15 -1 
-1 -1 -1 -1 -1 -1 -1 -1 -1 -1 -1 -1 12 -1 13 
-1 -1 -1 -1 -1 -1 -1 -1 -1 -1 -1 -1 -1 -1 -1 
-1 -1 -1 -1 -1 -1 -1 -1 -1 -1 -1 -1 -1 -1 -1 
-1 -1 -1 -1 -1 -1 -1 -1 -1 -1 -1 -1 -1 -1 -1 
-1 -1 -1 -1 -1 -1 -1 -1 -1 -1 -1 -1 -1 -1 -1 

24.0 18.0 22.0 12.0 
24.0 21.0 22.0 14.0 
13.0 12.0 12.0 8.0 
13.0 19.0 13.0 8.0 
12.0 18.0 19.0 8.0 
16.0 16.0 22.0 10.0 
17.0 13.0 13.0 8.0 
14.0 19.0 13.0 8.0 
21.0 17.0 21.0 11.0 
20.0 17.0 24.0 11.0 
16.0 15.0 18.0 10.0 
21.0 19.0 16.0 10.0 
21.0 15.0 19.0 10.0 
22.0 17.0 26.0 11.0 
14.0 19.0 15.0 9.0 

0.00 1.23 0.69 0.88 
1.23 0.00 1.20 1.36 
0.69 1.20 0.00 1.06 
0.88 1.36 1.06 0.00 

0.0 2.0 2.0 3.0 
2.0 0.0 3.0 3.0 
2.0 3.0 0.0 3.0 
3.0 3.0 3.0 0.0 

24 28 16 16 16 20 16 16 22 22 20 20 20 22 18 

15 3 80

-1 17 8 -1 -1 -1 -1 -1 -1 -1 -1 -1 -1 -1 -1 
-1 -1 -1 11 20 -1 -1 -1 -1 -1 -1 -1 -1 -1 -1 
-1 -1 -1 -1 -1 19 19 -1 -1 -1 -1 -1 -1 -1 -1 
-1 -1 -1 -1 -1 -1 -1 11 15 -1 -1 -1 -1 -1 -1 
-1 -1 -1 -1 -1 -1 -1 21 17 -1 -1 -1 -1 -1 -1 
-1 -1 -1 -1 -1 -1 -1 -1 -1 14 19 -1 -1 -1 -1 
-1 -1 -1 -1 -1 -1 -1 -1 -1 16 21 -1 -1 -1 -1 
-1 -1 -1 -1 -1 -1 -1 -1 -1 -1 -1 18 -1 11 -1 
-1 -1 -1 -1 -1 -1 -1 -1 -1 -1 -1 -1 18 -1 21 
-1 -1 -1 -1 -1 -1 -1 -1 -1 -1 -1 16 -1 9 -1 
-1 -1 -1 -1 -1 -1 -1 -1 -1 -1 -1 -1 16 -1 21 
-1 -1 -1 -1 -1 -1 -1 -1 -1 -1 -1 -1 -1 -1 -1 
-1 -1 -1 -1 -1 -1 -1 -1 -1 -1 -1 -1 -1 -1 -1 
-1 -1 -1 -1 -1 -1 -1 -1 -1 -1 -1 -1 -1 -1 -1 
-1 -1 -1 -1 -1 -1 -1 -1 -1 -1 -1 -1 -1 -1 -1 

14.0 16.0 14.0 9.0 
22.0 20.0 23.0 13.0 
18.0 18.0 18.0 12.0 
21.0 20.0 20.0 13.0 
21.0 21.0 20.0 13.0 
15.0 18.0 16.0 10.0 
21.0 22.0 21.0 14.0 
14.0 14.0 14.0 9.0 
14.0 15.0 15.0 9.0 
14.0 14.0 15.0 9.0 
17.0 14.0 17.0 9.0 
17.0 17.0 16.0 10.0 
15.0 13.0 15.0 8.0 
16.0 15.0 14.0 9.0 
23.0 20.0 22.0 13.0 

0.00 0.85 1.14 1.11 
0.85 0.00 1.12 1.43 
1.14 1.12 0.00 1.18 
1.11 1.43 1.18 0.00 

0.0 4.0 3.0 2.0 
4.0 0.0 2.0 2.0 
3.0 2.0 0.0 4.0 
2.0 2.0 4.0 0.0 

18 26 24 26 26 20 28 18 18 18 18 20 16 18 26 

15 3 83

-1 18 15 -1 -1 -1 -1 -1 -1 -1 -1 -1 -1 -1 -1 
-1 -1 -1 10 7 -1 -1 -1 -1 -1 -1 -1 -1 -1 -1 
-1 -1 -1 -1 -1 21 16 -1 -1 -1 -1 -1 -1 -1 -1 
-1 -1 -1 -1 -1 -1 -1 12 9 -1 -1 -1 -1 -1 -1 
-1 -1 -1 -1 -1 -1 -1 8 8 -1 -1 -1 -1 -1 -1 
-1 -1 -1 -1 -1 -1 -1 -1 -1 12 8 -1 -1 -1 -1 
-1 -1 -1 -1 -1 -1 -1 -1 -1 19 10 -1 -1 -1 -1 
-1 -1 -1 -1 -1 -1 -1 -1 -1 -1 -1 18 -1 8 -1 
-1 -1 -1 -1 -1 -1 -1 -1 -1 -1 -1 -1 18 -1 8 
-1 -1 -1 -1 -1 -1 -1 -1 -1 -1 -1 20 -1 13 -1 
-1 -1 -1 -1 -1 -1 -1 -1 -1 -1 -1 -1 21 -1 8 
-1 -1 -1 -1 -1 -1 -1 -1 -1 -1 -1 -1 -1 -1 -1 
-1 -1 -1 -1 -1 -1 -1 -1 -1 -1 -1 -1 -1 -1 -1 
-1 -1 -1 -1 -1 -1 -1 -1 -1 -1 -1 -1 -1 -1 -1 
-1 -1 -1 -1 -1 -1 -1 -1 -1 -1 -1 -1 -1 -1 -1 

15.0 16.0 16.0 10.0 
14.0 14.0 14.0 9.0 
21.0 22.0 19.0 12.0 
17.0 15.0 17.0 10.0 
21.0 18.0 18.0 12.0 
16.0 16.0 17.0 10.0 
25.0 22.0 26.0 14.0 
15.0 14.0 16.0 9.0 
26.0 22.0 24.0 14.0 
19.0 16.0 18.0 10.0 
15.0 18.0 16.0 10.0 
14.0 14.0 16.0 9.0 
22.0 26.0 22.0 14.0 
24.0 23.0 24.0 15.0 
15.0 14.0 13.0 8.0 

0.00 0.85 1.14 1.11 
0.85 0.00 1.12 1.43 
1.14 1.12 0.00 1.18 
1.11 1.43 1.18 0.00 

0.0 4.0 3.0 2.0 
4.0 0.0 2.0 2.0 
3.0 2.0 0.0 4.0 
2.0 2.0 4.0 0.0 

20 18 24 20 24 20 28 18 28 20 20 18 28 30 16 

15 3 84

-1 7 8 -1 -1 -1 -1 -1 -1 -1 -1 -1 -1 -1 -1 
-1 -1 -1 20 9 -1 -1 -1 -1 -1 -1 -1 -1 -1 -1 
-1 -1 -1 -1 -1 16 21 -1 -1 -1 -1 -1 -1 -1 -1 
-1 -1 -1 -1 -1 -1 -1 18 21 -1 -1 -1 -1 -1 -1 
-1 -1 -1 -1 -1 -1 -1 18 20 -1 -1 -1 -1 -1 -1 
-1 -1 -1 -1 -1 -1 -1 -1 -1 8 19 -1 -1 -1 -1 
-1 -1 -1 -1 -1 -1 -1 -1 -1 16 14 -1 -1 -1 -1 
-1 -1 -1 -1 -1 -1 -1 -1 -1 -1 -1 9 -1 18 -1 
-1 -1 -1 -1 -1 -1 -1 -1 -1 -1 -1 -1 7 -1 9 
-1 -1 -1 -1 -1 -1 -1 -1 -1 -1 -1 14 -1 15 -1 
-1 -1 -1 -1 -1 -1 -1 -1 -1 -1 -1 -1 20 -1 17 
-1 -1 -1 -1 -1 -1 -1 -1 -1 -1 -1 -1 -1 -1 -1 
-1 -1 -1 -1 -1 -1 -1 -1 -1 -1 -1 -1 -1 -1 -1 
-1 -1 -1 -1 -1 -1 -1 -1 -1 -1 -1 -1 -1 -1 -1 
-1 -1 -1 -1 -1 -1 -1 -1 -1 -1 -1 -1 -1 -1 -1 

16.0 15.0 17.0 10.0 
14.0 16.0 16.0 9.0 
20.0 21.0 20.0 13.0 
16.0 16.0 17.0 10.0 
14.0 16.0 14.0 9.0 
14.0 16.0 17.0 9.0 
19.0 22.0 20.0 12.0 
22.0 23.0 20.0 13.0 
19.0 19.0 19.0 12.0 
22.0 22.0 21.0 14.0 
18.0 19.0 16.0 10.0 
18.0 20.0 17.0 11.0 
22.0 21.0 21.0 14.0 
20.0 21.0 18.0 12.0 
19.0 18.0 16.0 10.0 

0.00 0.85 1.14 1.11 
0.85 0.00 1.12 1.43 
1.14 1.12 0.00 1.18 
1.11 1.43 1.18 0.00 

0.0 4.0 3.0 2.0 
4.0 0.0 2.0 2.0 
3.0 2.0 0.0 4.0 
2.0 2.0 4.0 0.0 

20 18 26 20 18 18 24 26 24 28 20 22 28 24 20 

15 3 76

-1 20 10 -1 -1 -1 -1 -1 -1 -1 -1 -1 -1 -1 -1 
-1 -1 -1 20 21 -1 -1 -1 -1 -1 -1 -1 -1 -1 -1 
-1 -1 -1 -1 -1 15 13 -1 -1 -1 -1 -1 -1 -1 -1 
-1 -1 -1 -1 -1 -1 -1 13 18 -1 -1 -1 -1 -1 -1 
-1 -1 -1 -1 -1 -1 -1 14 19 -1 -1 -1 -1 -1 -1 
-1 -1 -1 -1 -1 -1 -1 -1 -1 12 13 -1 -1 -1 -1 
-1 -1 -1 -1 -1 -1 -1 -1 -1 13 17 -1 -1 -1 -1 
-1 -1 -1 -1 -1 -1 -1 -1 -1 -1 -1 20 -1 16 -1 
-1 -1 -1 -1 -1 -1 -1 -1 -1 -1 -1 -1 15 -1 18 
-1 -1 -1 -1 -1 -1 -1 -1 -1 -1 -1 13 -1 12 -1 
-1 -1 -1 -1 -1 -1 -1 -1 -1 -1 -1 -1 13 -1 9 
-1 -1 -1 -1 -1 -1 -1 -1 -1 -1 -1 -1 -1 -1 -1 
-1 -1 -1 -1 -1 -1 -1 -1 -1 -1 -1 -1 -1 -1 -1 
-1 -1 -1 -1 -1 -1 -1 -1 -1 -1 -1 -1 -1 -1 -1 
-1 -1 -1 -1 -1 -1 -1 -1 -1 -1 -1 -1 -1 -1 -1 

23.0 14.0 18.0 9.0 
21.0 25.0 28.0 14.0 
12.0 24.0 14.0 8.0 
16.0 18.0 13.0 8.0 
19.0 11.0 21.0 7.0 
12.0 15.0 19.0 8.0 
20.0 19.0 23.0 12.0 
27.0 15.0 25.0 10.0 
17.0 18.0 20.0 11.0 
16.0 12.0 17.0 8.0 
18.0 30.0 29.0 12.0 
16.0 20.0 20.0 10.0 
19.0 22.0 30.0 12.0 
15.0 14.0 15.0 9.0 
22.0 24.0 30.0 14.0 

0.00 1.03 1.37 1.25 
1.03 0.00 1.36 0.73 
1.37 1.36 0.00 1.25 
1.25 0.73 1.25 0.00 

0.0 4.0 2.0 3.0 
4.0 0.0 2.0 3.0 
2.0 2.0 0.0 2.0 
3.0 3.0 2.0 0.0 

18 28 16 16 14 16 24 20 22 16 24 20 24 18 28 

15 3 70

-1 17 17 -1 -1 -1 -1 -1 -1 -1 -1 -1 -1 -1 -1 
-1 -1 -1 15 17 -1 -1 -1 -1 -1 -1 -1 -1 -1 -1 
-1 -1 -1 -1 -1 16 9 -1 -1 -1 -1 -1 -1 -1 -1 
-1 -1 -1 -1 -1 -1 -1 18 18 -1 -1 -1 -1 -1 -1 
-1 -1 -1 -1 -1 -1 -1 17 12 -1 -1 -1 -1 -1 -1 
-1 -1 -1 -1 -1 -1 -1 -1 -1 15 7 -1 -1 -1 -1 
-1 -1 -1 -1 -1 -1 -1 -1 -1 13 15 -1 -1 -1 -1 
-1 -1 -1 -1 -1 -1 -1 -1 -1 -1 -1 12 -1 12 -1 
-1 -1 -1 -1 -1 -1 -1 -1 -1 -1 -1 -1 18 -1 7 
-1 -1 -1 -1 -1 -1 -1 -1 -1 -1 -1 8 -1 13 -1 
-1 -1 -1 -1 -1 -1 -1 -1 -1 -1 -1 -1 14 -1 16 
-1 -1 -1 -1 -1 -1 -1 -1 -1 -1 -1 -1 -1 -1 -1 
-1 -1 -1 -1 -1 -1 -1 -1 -1 -1 -1 -1 -1 -1 -1 
-1 -1 -1 -1 -1 -1 -1 -1 -1 -1 -1 -1 -1 -1 -1 
-1 -1 -1 -1 -1 -1 -1 -1 -1 -1 -1 -1 -1 -1 -1 

13.0 19.0 11.0 7.0 
19.0 9.0 10.0 6.0 
15.0 23.0 14.0 9.0 
23.0 17.0 24.0 11.0 
16.0 18.0 18.0 10.0 
13.0 21.0 22.0 8.0 
30.0 28.0 30.0 18.0 
15.0 16.0 23.0 10.0 
16.0 19.0 18.0 10.0 
11.0 11.0 19.0 7.0 
11.0 12.0 12.0 7.0 
23.0 17.0 24.0 11.0 
18.0 19.0 15.0 10.0 
10.0 19.0 14.0 6.0 
16.0 20.0 18.0 10.0 

0.00 1.03 1.37 1.25 
1.03 0.00 1.36 0.73 
1.37 1.36 0.00 1.25 
1.25 0.73 1.25 0.00 

0.0 4.0 2.0 3.0 
4.0 0.0 2.0 3.0 
2.0 2.0 0.0 2.0 
3.0 3.0 2.0 0.0 

14 12 18 22 20 16 36 20 20 14 14 22 20 12 20 

15 3 79

-1 18 8 -1 -1 -1 -1 -1 -1 -1 -1 -1 -1 -1 -1 
-1 -1 -1 19 12 -1 -1 -1 -1 -1 -1 -1 -1 -1 -1 
-1 -1 -1 -1 -1 8 19 -1 -1 -1 -1 -1 -1 -1 -1 
-1 -1 -1 -1 -1 -1 -1 17 13 -1 -1 -1 -1 -1 -1 
-1 -1 -1 -1 -1 -1 -1 7 18 -1 -1 -1 -1 -1 -1 
-1 -1 -1 -1 -1 -1 -1 -1 -1 14 8 -1 -1 -1 -1 
-1 -1 -1 -1 -1 -1 -1 -1 -1 8 21 -1 -1 -1 -1 
-1 -1 -1 -1 -1 -1 -1 -1 -1 -1 -1 9 -1 17 -1 
-1 -1 -1 -1 -1 -1 -1 -1 -1 -1 -1 -1 20 -1 11 
-1 -1 -1 -1 -1 -1 -1 -1 -1 -1 -1 21 -1 13 -1 
-1 -1 -1 -1 -1 -1 -1 -1 -1 -1 -1 -1 13 -1 14 
-1 -1 -1 -1 -1 -1 -1 -1 -1 -1 -1 -1 -1 -1 -1 
-1 -1 -1 -1 -1 -1 -1 -1 -1 -1 -1 -1 -1 -1 -1 
-1 -1 -1 -1 -1 -1 -1 -1 -1 -1 -1 -1 -1 -1 -1 
-1 -1 -1 -1 -1 -1 -1 -1 -1 -1 -1 -1 -1 -1 -1 

25.0 19.0 25.0 12.0 
20.0 17.0 27.0 11.0 
22.0 17.0 26.0 11.0 
15.0 20.0 16.0 10.0 
27.0 26.0 32.0 17.0 
27.0 18.0 19.0 12.0 
26.0 13.0 17.0 8.0 
26.0 14.0 22.0 9.0 
9.0 15.0 17.0 6.0 
15.0 14.0 14.0 9.0 
19.0 16.0 27.0 10.0 
17.0 16.0 20.0 10.0 
14.0 12.0 21.0 8.0 
19.0 24.0 22.0 12.0 
26.0 20.0 27.0 13.0 

0.00 1.03 1.37 1.25 
1.03 0.00 1.36 0.73 
1.37 1.36 0.00 1.25 
1.25 0.73 1.25 0.00 

0.0 4.0 2.0 3.0 
4.0 0.0 2.0 3.0 
2.0 2.0 0.0 2.0 
3.0 3.0 2.0 0.0 

24 22 22 20 34 24 16 18 12 18 20 20 16 24 26 

15 3 77

-1 2 3 -1 -1 -1 -1 -1 -1 -1 -1 -1 -1 -1 -1 
-1 -1 -1 1 3 -1 -1 -1 -1 -1 -1 -1 -1 -1 -1 
-1 -1 -1 -1 -1 2 3 -1 -1 -1 -1 -1 -1 -1 -1 
-1 -1 -1 -1 -1 -1 -1 2 1 -1 -1 -1 -1 -1 -1 
-1 -1 -1 -1 -1 -1 -1 1 3 -1 -1 -1 -1 -1 -1 
-1 -1 -1 -1 -1 -1 -1 -1 -1 3 3 -1 -1 -1 -1 
-1 -1 -1 -1 -1 -1 -1 -1 -1 1 2 -1 -1 -1 -1 
-1 -1 -1 -1 -1 -1 -1 -1 -1 -1 -1 3 -1 3 -1 
-1 -1 -1 -1 -1 -1 -1 -1 -1 -1 -1 -1 1 -1 2 
-1 -1 -1 -1 -1 -1 -1 -1 -1 -1 -1 3 -1 1 -1 
-1 -1 -1 -1 -1 -1 -1 -1 -1 -1 -1 -1 3 -1 2 
-1 -1 -1 -1 -1 -1 -1 -1 -1 -1 -1 -1 -1 -1 -1 
-1 -1 -1 -1 -1 -1 -1 -1 -1 -1 -1 -1 -1 -1 -1 
-1 -1 -1 -1 -1 -1 -1 -1 -1 -1 -1 -1 -1 -1 -1 
-1 -1 -1 -1 -1 -1 -1 -1 -1 -1 -1 -1 -1 -1 -1 

16.0 15.0 12.0 8.0 
12.0 12.0 16.0 8.0 
23.0 22.0 21.0 14.0 
16.0 12.0 16.0 8.0 
19.0 18.0 21.0 12.0 
17.0 20.0 15.0 10.0 
23.0 23.0 15.0 10.0 
17.0 13.0 12.0 8.0 
14.0 16.0 16.0 9.0 
19.0 19.0 20.0 12.0 
22.0 15.0 18.0 10.0 
22.0 20.0 16.0 10.0 
24.0 19.0 24.0 12.0 
24.0 18.0 27.0 12.0 
20.0 18.0 17.0 11.0 

0.00 1.21 0.90 1.28 
1.21 0.00 1.02 1.42 
0.90 1.02 0.00 0.64 
1.28 1.42 0.64 0.00 

0.0 3.0 3.0 4.0 
3.0 0.0 4.0 4.0 
3.0 4.0 0.0 4.0 
4.0 4.0 4.0 0.0 

16 16 28 16 24 20 20 16 18 24 20 20 24 24 22 

15 3 81

-1 3 3 -1 -1 -1 -1 -1 -1 -1 -1 -1 -1 -1 -1 
-1 -1 -1 3 2 -1 -1 -1 -1 -1 -1 -1 -1 -1 -1 
-1 -1 -1 -1 -1 3 1 -1 -1 -1 -1 -1 -1 -1 -1 
-1 -1 -1 -1 -1 -1 -1 3 1 -1 -1 -1 -1 -1 -1 
-1 -1 -1 -1 -1 -1 -1 3 1 -1 -1 -1 -1 -1 -1 
-1 -1 -1 -1 -1 -1 -1 -1 -1 1 3 -1 -1 -1 -1 
-1 -1 -1 -1 -1 -1 -1 -1 -1 2 3 -1 -1 -1 -1 
-1 -1 -1 -1 -1 -1 -1 -1 -1 -1 -1 3 -1 3 -1 
-1 -1 -1 -1 -1 -1 -1 -1 -1 -1 -1 -1 2 -1 3 
-1 -1 -1 -1 -1 -1 -1 -1 -1 -1 -1 2 -1 3 -1 
-1 -1 -1 -1 -1 -1 -1 -1 -1 -1 -1 -1 2 -1 1 
-1 -1 -1 -1 -1 -1 -1 -1 -1 -1 -1 -1 -1 -1 -1 
-1 -1 -1 -1 -1 -1 -1 -1 -1 -1 -1 -1 -1 -1 -1 
-1 -1 -1 -1 -1 -1 -1 -1 -1 -1 -1 -1 -1 -1 -1 
-1 -1 -1 -1 -1 -1 -1 -1 -1 -1 -1 -1 -1 -1 -1 

14.0 20.0 19.0 9.0 
19.0 19.0 16.0 10.0 
18.0 24.0 23.0 12.0 
23.0 21.0 20.0 13.0 
23.0 16.0 19.0 10.0 
23.0 21.0 24.0 14.0 
20.0 17.0 21.0 11.0 
21.0 19.0 21.0 12.0 
20.0 20.0 16.0 10.0 
14.0 14.0 18.0 9.0 
16.0 14.0 20.0 9.0 
21.0 22.0 22.0 14.0 
13.0 15.0 15.0 8.0 
15.0 18.0 19.0 10.0 
27.0 21.0 18.0 12.0 

0.00 1.21 0.90 1.28 
1.21 0.00 1.02 1.42 
0.90 1.02 0.00 0.64 
1.28 1.42 0.64 0.00 

0.0 3.0 3.0 4.0 
3.0 0.0 4.0 4.0 
3.0 4.0 0.0 4.0 
4.0 4.0 4.0 0.0 

18 20 24 26 20 28 22 24 20 18 18 28 16 20 24 

15 3 73

-1 3 3 -1 -1 -1 -1 -1 -1 -1 -1 -1 -1 -1 -1 
-1 -1 -1 1 3 -1 -1 -1 -1 -1 -1 -1 -1 -1 -1 
-1 -1 -1 -1 -1 2 1 -1 -1 -1 -1 -1 -1 -1 -1 
-1 -1 -1 -1 -1 -1 -1 2 1 -1 -1 -1 -1 -1 -1 
-1 -1 -1 -1 -1 -1 -1 1 1 -1 -1 -1 -1 -1 -1 
-1 -1 -1 -1 -1 -1 -1 -1 -1 2 1 -1 -1 -1 -1 
-1 -1 -1 -1 -1 -1 -1 -1 -1 3 3 -1 -1 -1 -1 
-1 -1 -1 -1 -1 -1 -1 -1 -1 -1 -1 3 -1 1 -1 
-1 -1 -1 -1 -1 -1 -1 -1 -1 -1 -1 -1 2 -1 3 
-1 -1 -1 -1 -1 -1 -1 -1 -1 -1 -1 2 -1 1 -1 
-1 -1 -1 -1 -1 -1 -1 -1 -1 -1 -1 -1 1 -1 3 
-1 -1 -1 -1 -1 -1 -1 -1 -1 -1 -1 -1 -1 -1 -1 
-1 -1 -1 -1 -1 -1 -1 -1 -1 -1 -1 -1 -1 -1 -1 
-1 -1 -1 -1 -1 -1 -1 -1 -1 -1 -1 -1 -1 -1 -1 
-1 -1 -1 -1 -1 -1 -1 -1 -1 -1 -1 -1 -1 -1 -1 

18.0 23.0 15.0 10.0 
24.0 19.0 27.0 12.0 
15.0 15.0 24.0 10.0 
14.0 14.0 19.0 9.0 
23.0 20.0 15.0 10.0 
11.0 17.0 11.0 7.0 
20.0 28.0 22.0 13.0 
16.0 12.0 15.0 8.0 
21.0 19.0 24.0 12.0 
17.0 17.0 13.0 8.0 
16.0 14.0 13.0 8.0 
14.0 15.0 13.0 8.0 
23.0 19.0 25.0 12.0 
22.0 21.0 19.0 12.0 
12.0 12.0 11.0 7.0 

0.00 1.21 0.90 1.28 
1.21 0.00 1.02 1.42 
0.90 1.02 0.00 0.64 
1.28 1.42 0.64 0.00 

0.0 3.0 3.0 4.0 
3.0 0.0 4.0 4.0 
3.0 4.0 0.0 4.0 
4.0 4.0 4.0 0.0 

20 24 20 18 20 14 26 16 24 16 16 16 24 24 14 

15 3 84

-1 3 1 -1 -1 -1 -1 -1 -1 -1 -1 -1 -1 -1 -1 
-1 -1 -1 2 3 -1 -1 -1 -1 -1 -1 -1 -1 -1 -1 
-1 -1 -1 -1 -1 2 2 -1 -1 -1 -1 -1 -1 -1 -1 
-1 -1 -1 -1 -1 -1 -1 3 3 -1 -1 -1 -1 -1 -1 
-1 -1 -1 -1 -1 -1 -1 3 3 -1 -1 -1 -1 -1 -1 
-1 -1 -1 -1 -1 -1 -1 -1 -1 1 3 -1 -1 -1 -1 
-1 -1 -1 -1 -1 -1 -1 -1 -1 3 1 -1 -1 -1 -1 
-1 -1 -1 -1 -1 -1 -1 -1 -1 -1 -1 3 -1 1 -1 
-1 -1 -1 -1 -1 -1 -1 -1 -1 -1 -1 -1 2 -1 3 
-1 -1 -1 -1 -1 -1 -1 -1 -1 -1 -1 1 -1 1 -1 
-1 -1 -1 -1 -1 -1 -1 -1 -1 -1 -1 -1 2 -1 3 
-1 -1 -1 -1 -1 -1 -1 -1 -1 -1 -1 -1 -1 -1 -1 
-1 -1 -1 -1 -1 -1 -1 -1 -1 -1 -1 -1 -1 -1 -1 
-1 -1 -1 -1 -1 -1 -1 -1 -1 -1 -1 -1 -1 -1 -1 
-1 -1 -1 -1 -1 -1 -1 -1 -1 -1 -1 -1 -1 -1 -1 

17.0 17.0 20.0 11.0 
21.0 17.0 21.0 11.0 
19.0 17.0 21.0 11.0 
25.0 24.0 22.0 14.0 
18.0 18.0 17.0 11.0 
17.0 15.0 17.0 10.0 
17.0 17.0 15.0 10.0 
17.0 17.0 17.0 11.0 
19.0 17.0 18.0 11.0 
21.0 21.0 23.0 14.0 
15.0 14.0 14.0 9.0 
16.0 16.0 17.0 10.0 
21.0 23.0 23.0 14.0 
16.0 16.0 15.0 10.0 
19.0 22.0 19.0 12.0 

0.00 0.63 0.90 1.09 
0.63 0.00 1.42 1.41 
0.90 1.42 0.00 0.69 
1.09 1.41 0.69 0.00 

0.0 4.0 2.0 2.0 
4.0 0.0 3.0 3.0 
2.0 3.0 0.0 2.0 
2.0 3.0 2.0 0.0 

22 22 22 28 22 20 20 22 22 28 18 20 28 20 24 

15 3 85

-1 1 3 -1 -1 -1 -1 -1 -1 -1 -1 -1 -1 -1 -1 
-1 -1 -1 3 1 -1 -1 -1 -1 -1 -1 -1 -1 -1 -1 
-1 -1 -1 -1 -1 1 2 -1 -1 -1 -1 -1 -1 -1 -1 
-1 -1 -1 -1 -1 -1 -1 1 2 -1 -1 -1 -1 -1 -1 
-1 -1 -1 -1 -1 -1 -1 3 2 -1 -1 -1 -1 -1 -1 
-1 -1 -1 -1 -1 -1 -1 -1 -1 1 2 -1 -1 -1 -1 
-1 -1 -1 -1 -1 -1 -1 -1 -1 3 1 -1 -1 -1 -1 
-1 -1 -1 -1 -1 -1 -1 -1 -1 -1 -1 2 -1 3 -1 
-1 -1 -1 -1 -1 -1 -1 -1 -1 -1 -1 -1 2 -1 1 
-1 -1 -1 -1 -1 -1 -1 -1 -1 -1 -1 2 -1 3 -1 
-1 -1 -1 -1 -1 -1 -1 -1 -1 -1 -1 -1 1 -1 2 
-1 -1 -1 -1 -1 -1 -1 -1 -1 -1 -1 -1 -1 -1 -1 
-1 -1 -1 -1 -1 -1 -1 -1 -1 -1 -1 -1 -1 -1 -1 
-1 -1 -1 -1 -1 -1 -1 -1 -1 -1 -1 -1 -1 -1 -1 
-1 -1 -1 -1 -1 -1 -1 -1 -1 -1 -1 -1 -1 -1 -1 

15.0 15.0 18.0 10.0 
17.0 19.0 17.0 11.0 
19.0 21.0 22.0 12.0 
16.0 16.0 18.0 10.0 
24.0 20.0 22.0 13.0 
22.0 24.0 22.0 14.0 
13.0 13.0 14.0 8.0 
24.0 24.0 25.0 16.0 
20.0 18.0 22.0 12.0 
14.0 15.0 17.0 9.0 
15.0 17.0 14.0 9.0 
14.0 15.0 13.0 8.0 
18.0 15.0 17.0 10.0 
21.0 22.0 26.0 14.0 
23.0 21.0 21.0 14.0 

0.00 0.63 0.90 1.09 
0.63 0.00 1.42 1.41 
0.90 1.42 0.00 0.69 
1.09 1.41 0.69 0.00 

0.0 4.0 2.0 2.0 
4.0 0.0 3.0 3.0 
2.0 3.0 0.0 2.0 
2.0 3.0 2.0 0.0 

20 22 24 20 26 28 16 32 24 18 18 16 20 28 28 

15 3 80

-1 1 1 -1 -1 -1 -1 -1 -1 -1 -1 -1 -1 -1 -1 
-1 -1 -1 3 1 -1 -1 -1 -1 -1 -1 -1 -1 -1 -1 
-1 -1 -1 -1 -1 3 1 -1 -1 -1 -1 -1 -1 -1 -1 
-1 -1 -1 -1 -1 -1 -1 1 2 -1 -1 -1 -1 -1 -1 
-1 -1 -1 -1 -1 -1 -1 3 2 -1 -1 -1 -1 -1 -1 
-1 -1 -1 -1 -1 -1 -1 -1 -1 2 3 -1 -1 -1 -1 
-1 -1 -1 -1 -1 -1 -1 -1 -1 3 3 -1 -1 -1 -1 
-1 -1 -1 -1 -1 -1 -1 -1 -1 -1 -1 3 -1 2 -1 
-1 -1 -1 -1 -1 -1 -1 -1 -1 -1 -1 -1 3 -1 3 
-1 -1 -1 -1 -1 -1 -1 -1 -1 -1 -1 1 -1 1 -1 
-1 -1 -1 -1 -1 -1 -1 -1 -1 -1 -1 -1 1 -1 1 
-1 -1 -1 -1 -1 -1 -1 -1 -1 -1 -1 -1 -1 -1 -1 
-1 -1 -1 -1 -1 -1 -1 -1 -1 -1 -1 -1 -1 -1 -1 
-1 -1 -1 -1 -1 -1 -1 -1 -1 -1 -1 -1 -1 -1 -1 
-1 -1 -1 -1 -1 -1 -1 -1 -1 -1 -1 -1 -1 -1 -1 

18.0 18.0 19.0 12.0 
21.0 21.0 21.0 14.0 
14.0 15.0 13.0 8.0 
18.0 17.0 15.0 10.0 
18.0 21.0 17.0 11.0 
23.0 21.0 21.0 14.0 
14.0 17.0 14.0 9.0 
14.0 13.0 15.0 8.0 
17.0 14.0 14.0 9.0 
16.0 14.0 16.0 9.0 
23.0 22.0 19.0 12.0 
16.0 15.0 15.0 10.0 
19.0 20.0 20.0 12.0 
15.0 17.0 14.0 9.0 
21.0 23.0 22.0 14.0 

0.00 0.63 0.90 1.09 
0.63 0.00 1.42 1.41 
0.90 1.42 0.00 0.69 
1.09 1.41 0.69 0.00 

0.0 4.0 2.0 2.0 
4.0 0.0 3.0 3.0 
2.0 3.0 0.0 2.0 
2.0 3.0 2.0 0.0 

24 28 16 20 22 28 18 16 18 18 24 20 24 18 28 

15 3 75

-1 3 2 -1 -1 -1 -1 -1 -1 -1 -1 -1 -1 -1 -1 
-1 -1 -1 1 1 -1 -1 -1 -1 -1 -1 -1 -1 -1 -1 
-1 -1 -1 -1 -1 1 3 -1 -1 -1 -1 -1 -1 -1 -1 
-1 -1 -1 -1 -1 -1 -1 3 1 -1 -1 -1 -1 -1 -1 
-1 -1 -1 -1 -1 -1 -1 1 2 -1 -1 -1 -1 -1 -1 
-1 -1 -1 -1 -1 -1 -1 -1 -1 1 2 -1 -1 -1 -1 
-1 -1 -1 -1 -1 -1 -1 -1 -1 2 1 -1 -1 -1 -1 
-1 -1 -1 -1 -1 -1 -1 -1 -1 -1 -1 2 -1 3 -1 
-1 -1 -1 -1 -1 -1 -1 -1 -1 -1 -1 -1 1 -1 2 
-1 -1 -1 -1 -1 -1 -1 -1 -1 -1 -1 1 -1 2 -1 
-1 -1 -1 -1 -1 -1 -1 -1 -1 -1 -1 -1 1 -1 3 
-1 -1 -1 -1 -1 -1 -1 -1 -1 -1 -1 -1 -1 -1 -1 
-1 -1 -1 -1 -1 -1 -1 -1 -1 -1 -1 -1 -1 -1 -1 
-1 -1 -1 -1 -1 -1 -1 -1 -1 -1 -1 -1 -1 -1 -1 
-1 -1 -1 -1 -1 -1 -1 -1 -1 -1 -1 -1 -1 -1 -1 

18.0 13.0 16.0 8.0 
24.0 17.0 13.0 8.0 
23.0 21.0 19.0 12.0 
18.0 25.0 15.0 10.0 
21.0 15.0 26.0 10.0 
21.0 16.0 21.0 10.0 
24.0 22.0 32.0 14.0 
16.0 28.0 18.0 10.0 
12.0 21.0 18.0 8.0 
12.0 10.0 21.0 6.0 
20.0 18.0 23.0 12.0 
22.0 16.0 17.0 10.0 
25.0 19.0 18.0 12.0 
19.0 27.0 18.0 12.0 
16.0 13.0 14.0 8.0 

0.00 1.16 1.10 1.31 
1.16 0.00 0.54 0.66 
1.10 0.54 0.00 1.45 
1.31 0.66 1.45 0.00 

0.0 2.0 2.0 4.0 
2.0 0.0 2.0 2.0 
2.0 2.0 0.0 2.0 
4.0 2.0 2.0 0.0 

16 16 24 20 20 20 28 20 16 12 24 20 24 24 16 

15 3 72

-1 2 1 -1 -1 -1 -1 -1 -1 -1 -1 -1 -1 -1 -1 
-1 -1 -1 3 3 -1 -1 -1 -1 -1 -1 -1 -1 -1 -1 
-1 -1 -1 -1 -1 3 3 -1 -1 -1 -1 -1 -1 -1 -1 
-1 -1 -1 -1 -1 -1 -1 1 1 -1 -1 -1 -1 -1 -1 
-1 -1 -1 -1 -1 -1 -1 2 1 -1 -1 -1 -1 -1 -1 
-1 -1 -1 -1 -1 -1 -1 -1 -1 3 1 -1 -1 -1 -1 
-1 -1 -1 -1 -1 -1 -1 -1 -1 1 1 -1 -1 -1 -1 
-1 -1 -1 -1 -1 -1 -1 -1 -1 -1 -1 1 -1 1 -1 
-1 -1 -1 -1 -1 -1 -1 -1 -1 -1 -1 -1 1 -1 3 
-1 -1 -1 -1 -1 -1 -1 -1 -1 -1 -1 2 -1 1 -1 
-1 -1 -1 -1 -1 -1 -1 -1 -1 -1 -1 -1 1 -1 1 
-1 -1 -1 -1 -1 -1 -1 -1 -1 -1 -1 -1 -1 -1 -1 
-1 -1 -1 -1 -1 -1 -1 -1 -1 -1 -1 -1 -1 -1 -1 
-1 -1 -1 -1 -1 -1 -1 -1 -1 -1 -1 -1 -1 -1 -1 
-1 -1 -1 -1 -1 -1 -1 -1 -1 -1 -1 -1 -1 -1 -1 

21.0 22.0 24.0 14.0 
27.0 23.0 16.0 10.0 
13.0 19.0 11.0 7.0 
32.0 25.0 17.0 11.0 
14.0 16.0 10.0 6.0 
30.0 20.0 19.0 12.0 
23.0 14.0 11.0 7.0 
17.0 23.0 26.0 11.0 
16.0 12.0 20.0 8.0 
14.0 21.0 12.0 8.0 
25.0 21.0 21.0 14.0 
25.0 20.0 23.0 13.0 
24.0 11.0 17.0 7.0 
26.0 16.0 16.0 10.0 
11.0 10.0 20.0 6.0 

0.00 1.16 1.10 1.31 
1.16 0.00 0.54 0.66 
1.10 0.54 0.00 1.45 
1.31 0.66 1.45 0.00 

0.0 2.0 2.0 4.0 
2.0 0.0 2.0 2.0 
2.0 2.0 0.0 2.0 
4.0 2.0 2.0 0.0 

28 20 14 22 12 24 14 22 16 16 28 26 14 20 12 

15 3 79

-1 2 3 -1 -1 -1 -1 -1 -1 -1 -1 -1 -1 -1 -1 
-1 -1 -1 3 1 -1 -1 -1 -1 -1 -1 -1 -1 -1 -1 
-1 -1 -1 -1 -1 2 2 -1 -1 -1 -1 -1 -1 -1 -1 
-1 -1 -1 -1 -1 -1 -1 1 3 -1 -1 -1 -1 -1 -1 
-1 -1 -1 -1 -1 -1 -1 1 2 -1 -1 -1 -1 -1 -1 
-1 -1 -1 -1 -1 -1 -1 -1 -1 1 2 -1 -1 -1 -1 
-1 -1 -1 -1 -1 -1 -1 -1 -1 2 3 -1 -1 -1 -1 
-1 -1 -1 -1 -1 -1 -1 -1 -1 -1 -1 1 -1 2 -1 
-1 -1 -1 -1 -1 -1 -1 -1 -1 -1 -1 -1 3 -1 1 
-1 -1 -1 -1 -1 -1 -1 -1 -1 -1 -1 2 -1 2 -1 
-1 -1 -1 -1 -1 -1 -1 -1 -1 -1 -1 -1 1 -1 3 
-1 -1 -1 -1 -1 -1 -1 -1 -1 -1 -1 -1 -1 -1 -1 
-1 -1 -1 -1 -1 -1 -1 -1 -1 -1 -1 -1 -1 -1 -1 
-1 -1 -1 -1 -1 -1 -1 -1 -1 -1 -1 -1 -1 -1 -1 
-1 -1 -1 -1 -1 -1 -1 -1 -1 -1 -1 -1 -1 -1 -1 

17.0 22.0 23.0 11.0 
27.0 26.0 31.0 17.0 
14.0 19.0 14.0 9.0 
21.0 18.0 19.0 12.0 
18.0 21.0 23.0 12.0 
21.0 21.0 31.0 14.0 
21.0 20.0 27.0 13.0 
18.0 12.0 16.0 8.0 
25.0 14.0 23.0 9.0 
23.0 14.0 25.0 9.0 
13.0 26.0 21.0 8.0 
16.0 20.0 14.0 9.0 
13.0 22.0 19.0 8.0 
18.0 17.0 18.0 11.0 
14.0 19.0 18.0 9.0 

0.00 1.16 1.10 1.31 
1.16 0.00 0.54 0.66 
1.10 0.54 0.00 1.45 
1.31 0.66 1.45 0.00 

0.0 2.0 2.0 4.0 
2.0 0.0 2.0 2.0 
2.0 2.0 0.0 2.0 
4.0 2.0 2.0 0.0 

22 34 18 24 24 28 26 16 18 18 16 18 16 22 18 

15 3 88

-1 21 14 -1 -1 -1 -1 -1 -1 -1 -1 -1 -1 -1 -1 
-1 -1 -1 23 35 -1 -1 -1 -1 -1 -1 -1 -1 -1 -1 
-1 -1 -1 -1 -1 34 26 -1 -1 -1 -1 -1 -1 -1 -1 
-1 -1 -1 -1 -1 -1 -1 25 18 -1 -1 -1 -1 -1 -1 
-1 -1 -1 -1 -1 -1 -1 35 26 -1 -1 -1 -1 -1 -1 
-1 -1 -1 -1 -1 -1 -1 -1 -1 17 13 -1 -1 -1 -1 
-1 -1 -1 -1 -1 -1 -1 -1 -1 35 24 -1 -1 -1 -1 
-1 -1 -1 -1 -1 -1 -1 -1 -1 -1 -1 22 -1 29 -1 
-1 -1 -1 -1 -1 -1 -1 -1 -1 -1 -1 -1 31 -1 28 
-1 -1 -1 -1 -1 -1 -1 -1 -1 -1 -1 29 -1 38 -1 
-1 -1 -1 -1 -1 -1 -1 -1 -1 -1 -1 -1 39 -1 14 
-1 -1 -1 -1 -1 -1 -1 -1 -1 -1 -1 -1 -1 -1 -1 
-1 -1 -1 -1 -1 -1 -1 -1 -1 -1 -1 -1 -1 -1 -1 
-1 -1 -1 -1 -1 -1 -1 -1 -1 -1 -1 -1 -1 -1 -1 
-1 -1 -1 -1 -1 -1 -1 -1 -1 -1 -1 -1 -1 -1 -1 

28.0 24.0 24.0 16.0 
19.0 27.0 26.0 12.0 
22.0 24.0 20.0 13.0 
14.0 13.0 18.0 8.0 
26.0 26.0 25.0 16.0 
24.0 25.0 16.0 10.0 
24.0 16.0 19.0 10.0 
17.0 18.0 19.0 11.0 
21.0 22.0 17.0 11.0 
14.0 15.0 12.0 8.0 
20.0 27.0 21.0 13.0 
25.0 26.0 22.0 14.0 
23.0 27.0 20.0 13.0 
20.0 24.0 22.0 13.0 
14.0 20.0 16.0 9.0 

0.00 0.75 1.40 1.19 
0.75 0.00 1.26 1.32 
1.40 1.26 0.00 1.03 
1.19 1.32 1.03 0.00 

0.0 4.0 3.0 3.0 
4.0 0.0 2.0 3.0 
3.0 2.0 0.0 2.0 
3.0 3.0 2.0 0.0 

32 24 26 16 32 20 20 22 22 16 26 28 26 26 18 

15 3 81

-1 20 33 -1 -1 -1 -1 -1 -1 -1 -1 -1 -1 -1 -1 
-1 -1 -1 13 36 -1 -1 -1 -1 -1 -1 -1 -1 -1 -1 
-1 -1 -1 -1 -1 25 34 -1 -1 -1 -1 -1 -1 -1 -1 
-1 -1 -1 -1 -1 -1 -1 22 34 -1 -1 -1 -1 -1 -1 
-1 -1 -1 -1 -1 -1 -1 19 21 -1 -1 -1 -1 -1 -1 
-1 -1 -1 -1 -1 -1 -1 -1 -1 29 13 -1 -1 -1 -1 
-1 -1 -1 -1 -1 -1 -1 -1 -1 21 29 -1 -1 -1 -1 
-1 -1 -1 -1 -1 -1 -1 -1 -1 -1 -1 33 -1 30 -1 
-1 -1 -1 -1 -1 -1 -1 -1 -1 -1 -1 -1 24 -1 15 
-1 -1 -1 -1 -1 -1 -1 -1 -1 -1 -1 32 -1 37 -1 
-1 -1 -1 -1 -1 -1 -1 -1 -1 -1 -1 -1 20 -1 22 
-1 -1 -1 -1 -1 -1 -1 -1 -1 -1 -1 -1 -1 -1 -1 
-1 -1 -1 -1 -1 -1 -1 -1 -1 -1 -1 -1 -1 -1 -1 
-1 -1 -1 -1 -1 -1 -1 -1 -1 -1 -1 -1 -1 -1 -1 
-1 -1 -1 -1 -1 -1 -1 -1 -1 -1 -1 -1 -1 -1 -1 

16.0 16.0 12.0 8.0 
24.0 24.0 21.0 14.0 
28.0 23.0 21.0 14.0 
17.0 20.0 16.0 10.0 
17.0 18.0 16.0 10.0 
19.0 13.0 16.0 8.0 
23.0 18.0 19.0 12.0 
16.0 16.0 15.0 10.0 
16.0 19.0 14.0 9.0 
22.0 29.0 20.0 13.0 
17.0 26.0 19.0 11.0 
19.0 15.0 21.0 10.0 
19.0 19.0 18.0 12.0 
18.0 19.0 21.0 12.0 
16.0 16.0 15.0 10.0 

0.00 0.75 1.40 1.19 
0.75 0.00 1.26 1.32 
1.40 1.26 0.00 1.03 
1.19 1.32 1.03 0.00 

0.0 4.0 3.0 3.0 
4.0 0.0 2.0 3.0 
3.0 2.0 0.0 2.0 
3.0 3.0 2.0 0.0 

16 28 28 20 20 16 24 20 18 26 22 20 24 24 20 

15 3 69

-1 17 18 -1 -1 -1 -1 -1 -1 -1 -1 -1 -1 -1 -1 
-1 -1 -1 15 34 -1 -1 -1 -1 -1 -1 -1 -1 -1 -1 
-1 -1 -1 -1 -1 13 16 -1 -1 -1 -1 -1 -1 -1 -1 
-1 -1 -1 -1 -1 -1 -1 15 18 -1 -1 -1 -1 -1 -1 
-1 -1 -1 -1 -1 -1 -1 35 38 -1 -1 -1 -1 -1 -1 
-1 -1 -1 -1 -1 -1 -1 -1 -1 30 20 -1 -1 -1 -1 
-1 -1 -1 -1 -1 -1 -1 -1 -1 18 16 -1 -1 -1 -1 
-1 -1 -1 -1 -1 -1 -1 -1 -1 -1 -1 32 -1 34 -1 
-1 -1 -1 -1 -1 -1 -1 -1 -1 -1 -1 -1 26 -1 27 
-1 -1 -1 -1 -1 -1 -1 -1 -1 -1 -1 31 -1 17 -1 
-1 -1 -1 -1 -1 -1 -1 -1 -1 -1 -1 -1 15 -1 27 
-1 -1 -1 -1 -1 -1 -1 -1 -1 -1 -1 -1 -1 -1 -1 
-1 -1 -1 -1 -1 -1 -1 -1 -1 -1 -1 -1 -1 -1 -1 
-1 -1 -1 -1 -1 -1 -1 -1 -1 -1 -1 -1 -1 -1 -1 
-1 -1 -1 -1 -1 -1 -1 -1 -1 -1 -1 -1 -1 -1 -1 

15.0 18.0 14.0 9.0 
12.0 12.0 15.0 8.0 
15.0 15.0 15.0 10.0 
18.0 22.0 26.0 12.0 
12.0 19.0 15.0 8.0 
28.0 19.0 29.0 12.0 
14.0 18.0 19.0 9.0 
12.0 15.0 13.0 8.0 
18.0 15.0 18.0 10.0 
14.0 14.0 11.0 7.0 
15.0 14.0 14.0 9.0 
12.0 15.0 12.0 8.0 
23.0 15.0 17.0 10.0 
15.0 16.0 18.0 10.0 
19.0 14.0 18.0 9.0 

0.00 0.75 1.40 1.19 
0.75 0.00 1.26 1.32 
1.40 1.26 0.00 1.03 
1.19 1.32 1.03 0.00 

0.0 4.0 3.0 3.0 
4.0 0.0 2.0 3.0 
3.0 2.0 0.0 2.0 
3.0 3.0 2.0 0.0 

18 16 20 24 16 24 18 16 20 14 18 16 20 20 18 

15 3 84

-1 32 35 -1 -1 -1 -1 -1 -1 -1 -1 -1 -1 -1 -1 
-1 -1 -1 28 35 -1 -1 -1 -1 -1 -1 -1 -1 -1 -1 
-1 -1 -1 -1 -1 25 21 -1 -1 -1 -1 -1 -1 -1 -1 
-1 -1 -1 -1 -1 -1 -1 38 15 -1 -1 -1 -1 -1 -1 
-1 -1 -1 -1 -1 -1 -1 19 35 -1 -1 -1 -1 -1 -1 
-1 -1 -1 -1 -1 -1 -1 -1 -1 27 27 -1 -1 -1 -1 
-1 -1 -1 -1 -1 -1 -1 -1 -1 27 18 -1 -1 -1 -1 
-1 -1 -1 -1 -1 -1 -1 -1 -1 -1 -1 34 -1 20 -1 
-1 -1 -1 -1 -1 -1 -1 -1 -1 -1 -1 -1 28 -1 36 
-1 -1 -1 -1 -1 -1 -1 -1 -1 -1 -1 20 -1 31 -1 
-1 -1 -1 -1 -1 -1 -1 -1 -1 -1 -1 -1 14 -1 18 
-1 -1 -1 -1 -1 -1 -1 -1 -1 -1 -1 -1 -1 -1 -1 
-1 -1 -1 -1 -1 -1 -1 -1 -1 -1 -1 -1 -1 -1 -1 
-1 -1 -1 -1 -1 -1 -1 -1 -1 -1 -1 -1 -1 -1 -1 
-1 -1 -1 -1 -1 -1 -1 -1 -1 -1 -1 -1 -1 -1 -1 

16.0 17.0 16.0 10.0 
26.0 21.0 23.0 14.0 
18.0 18.0 16.0 10.0 
24.0 23.0 20.0 13.0 
13.0 13.0 15.0 8.0 
19.0 16.0 19.0 10.0 
22.0 23.0 24.0 14.0 
17.0 14.0 15.0 9.0 
16.0 16.0 17.0 10.0 
18.0 16.0 16.0 10.0 
23.0 26.0 24.0 15.0 
17.0 18.0 18.0 11.0 
21.0 21.0 19.0 12.0 
23.0 24.0 22.0 14.0 
14.0 15.0 16.0 9.0 

0.00 0.99 0.90 0.75 
0.99 0.00 0.82 0.93 
0.90 0.82 0.00 0.73 
0.75 0.93 0.73 0.00 

0.0 3.0 2.0 4.0 
3.0 0.0 4.0 2.0 
2.0 4.0 0.0 4.0 
4.0 2.0 4.0 0.0 

20 28 20 26 16 20 28 18 20 20 30 22 24 28 18 

15 3 85

-1 21 37 -1 -1 -1 -1 -1 -1 -1 -1 -1 -1 -1 -1 
-1 -1 -1 26 16 -1 -1 -1 -1 -1 -1 -1 -1 -1 -1 
-1 -1 -1 -1 -1 23 14 -1 -1 -1 -1 -1 -1 -1 -1 
-1 -1 -1 -1 -1 -1 -1 22 16 -1 -1 -1 -1 -1 -1 
-1 -1 -1 -1 -1 -1 -1 34 31 -1 -1 -1 -1 -1 -1 
-1 -1 -1 -1 -1 -1 -1 -1 -1 13 13 -1 -1 -1 -1 
-1 -1 -1 -1 -1 -1 -1 -1 -1 25 34 -1 -1 -1 -1 
-1 -1 -1 -1 -1 -1 -1 -1 -1 -1 -1 25 -1 14 -1 
-1 -1 -1 -1 -1 -1 -1 -1 -1 -1 -1 -1 31 -1 26 
-1 -1 -1 -1 -1 -1 -1 -1 -1 -1 -1 23 -1 22 -1 
-1 -1 -1 -1 -1 -1 -1 -1 -1 -1 -1 -1 15 -1 35 
-1 -1 -1 -1 -1 -1 -1 -1 -1 -1 -1 -1 -1 -1 -1 
-1 -1 -1 -1 -1 -1 -1 -1 -1 -1 -1 -1 -1 -1 -1 
-1 -1 -1 -1 -1 -1 -1 -1 -1 -1 -1 -1 -1 -1 -1 
-1 -1 -1 -1 -1 -1 -1 -1 -1 -1 -1 -1 -1 -1 -1 

22.0 24.0 22.0 14.0 
16.0 16.0 15.0 10.0 
22.0 20.0 21.0 13.0 
19.0 17.0 18.0 11.0 
18.0 18.0 17.0 11.0 
26.0 25.0 26.0 16.0 
18.0 18.0 17.0 11.0 
19.0 17.0 21.0 11.0 
16.0 16.0 14.0 9.0 
17.0 17.0 15.0 10.0 
22.0 22.0 20.0 13.0 
13.0 14.0 14.0 8.0 
20.0 20.0 23.0 13.0 
16.0 19.0 17.0 10.0 
15.0 15.0 17.0 10.0 

0.00 0.99 0.90 0.75 
0.99 0.00 0.82 0.93 
0.90 0.82 0.00 0.73 
0.75 0.93 0.73 0.00 

0.0 3.0 2.0 4.0 
3.0 0.0 4.0 2.0 
2.0 4.0 0.0 4.0 
4.0 2.0 4.0 0.0 

28 20 26 22 22 32 22 22 18 20 26 16 26 20 20 

15 3 89

-1 37 33 -1 -1 -1 -1 -1 -1 -1 -1 -1 -1 -1 -1 
-1 -1 -1 21 32 -1 -1 -1 -1 -1 -1 -1 -1 -1 -1 
-1 -1 -1 -1 -1 23 13 -1 -1 -1 -1 -1 -1 -1 -1 
-1 -1 -1 -1 -1 -1 -1 36 34 -1 -1 -1 -1 -1 -1 
-1 -1 -1 -1 -1 -1 -1 35 37 -1 -1 -1 -1 -1 -1 
-1 -1 -1 -1 -1 -1 -1 -1 -1 16 14 -1 -1 -1 -1 
-1 -1 -1 -1 -1 -1 -1 -1 -1 37 25 -1 -1 -1 -1 
-1 -1 -1 -1 -1 -1 -1 -1 -1 -1 -1 16 -1 35 -1 
-1 -1 -1 -1 -1 -1 -1 -1 -1 -1 -1 -1 38 -1 33 
-1 -1 -1 -1 -1 -1 -1 -1 -1 -1 -1 22 -1 27 -1 
-1 -1 -1 -1 -1 -1 -1 -1 -1 -1 -1 -1 33 -1 22 
-1 -1 -1 -1 -1 -1 -1 -1 -1 -1 -1 -1 -1 -1 -1 
-1 -1 -1 -1 -1 -1 -1 -1 -1 -1 -1 -1 -1 -1 -1 
-1 -1 -1 -1 -1 -1 -1 -1 -1 -1 -1 -1 -1 -1 -1 
-1 -1 -1 -1 -1 -1 -1 -1 -1 -1 -1 -1 -1 -1 -1 

22.0 23.0 25.0 14.0 
25.0 26.0 22.0 14.0 
20.0 19.0 22.0 12.0 
15.0 14.0 14.0 9.0 
16.0 17.0 19.0 10.0 
22.0 20.0 24.0 13.0 
21.0 24.0 26.0 14.0 
16.0 15.0 17.0 10.0 
17.0 15.0 14.0 9.0 
17.0 16.0 18.0 10.0 
22.0 24.0 22.0 14.0 
24.0 21.0 20.0 13.0 
21.0 22.0 23.0 14.0 
22.0 21.0 19.0 12.0 
15.0 16.0 17.0 10.0 

0.00 0.99 0.90 0.75 
0.99 0.00 0.82 0.93 
0.90 0.82 0.00 0.73 
0.75 0.93 0.73 0.00 

0.0 3.0 2.0 4.0 
3.0 0.0 4.0 2.0 
2.0 4.0 0.0 4.0 
4.0 2.0 4.0 0.0 

28 28 24 18 20 26 28 20 18 20 28 26 28 24 20 

15 3 75

-1 13 35 -1 -1 -1 -1 -1 -1 -1 -1 -1 -1 -1 -1 
-1 -1 -1 33 30 -1 -1 -1 -1 -1 -1 -1 -1 -1 -1 
-1 -1 -1 -1 -1 18 17 -1 -1 -1 -1 -1 -1 -1 -1 
-1 -1 -1 -1 -1 -1 -1 36 28 -1 -1 -1 -1 -1 -1 
-1 -1 -1 -1 -1 -1 -1 27 35 -1 -1 -1 -1 -1 -1 
-1 -1 -1 -1 -1 -1 -1 -1 -1 35 26 -1 -1 -1 -1 
-1 -1 -1 -1 -1 -1 -1 -1 -1 26 31 -1 -1 -1 -1 
-1 -1 -1 -1 -1 -1 -1 -1 -1 -1 -1 18 -1 17 -1 
-1 -1 -1 -1 -1 -1 -1 -1 -1 -1 -1 -1 36 -1 37 
-1 -1 -1 -1 -1 -1 -1 -1 -1 -1 -1 33 -1 18 -1 
-1 -1 -1 -1 -1 -1 -1 -1 -1 -1 -1 -1 35 -1 20 
-1 -1 -1 -1 -1 -1 -1 -1 -1 -1 -1 -1 -1 -1 -1 
-1 -1 -1 -1 -1 -1 -1 -1 -1 -1 -1 -1 -1 -1 -1 
-1 -1 -1 -1 -1 -1 -1 -1 -1 -1 -1 -1 -1 -1 -1 
-1 -1 -1 -1 -1 -1 -1 -1 -1 -1 -1 -1 -1 -1 -1 

22.0 25.0 13.0 8.0 
14.0 17.0 14.0 9.0 
24.0 18.0 13.0 8.0 
15.0 20.0 16.0 10.0 
12.0 13.0 18.0 8.0 
27.0 20.0 24.0 13.0 
15.0 15.0 22.0 10.0 
18.0 14.0 11.0 7.0 
30.0 30.0 28.0 18.0 
16.0 11.0 20.0 7.0 
24.0 26.0 18.0 12.0 
30.0 23.0 19.0 12.0 
16.0 15.0 20.0 10.0 
19.0 15.0 14.0 9.0 
30.0 15.0 31.0 10.0 

0.00 1.05 1.12 0.92 
1.05 0.00 1.25 0.71 
1.12 1.25 0.00 0.84 
0.92 0.71 0.84 0.00 

0.0 4.0 3.0 4.0 
4.0 0.0 4.0 2.0 
3.0 4.0 0.0 4.0 
4.0 2.0 4.0 0.0 

16 18 16 20 16 26 20 14 36 14 24 24 20 18 20 

15 3 68

-1 14 29 -1 -1 -1 -1 -1 -1 -1 -1 -1 -1 -1 -1 
-1 -1 -1 23 33 -1 -1 -1 -1 -1 -1 -1 -1 -1 -1 
-1 -1 -1 -1 -1 13 23 -1 -1 -1 -1 -1 -1 -1 -1 
-1 -1 -1 -1 -1 -1 -1 21 38 -1 -1 -1 -1 -1 -1 
-1 -1 -1 -1 -1 -1 -1 33 14 -1 -1 -1 -1 -1 -1 
-1 -1 -1 -1 -1 -1 -1 -1 -1 27 20 -1 -1 -1 -1 
-1 -1 -1 -1 -1 -1 -1 -1 -1 32 28 -1 -1 -1 -1 
-1 -1 -1 -1 -1 -1 -1 -1 -1 -1 -1 20 -1 32 -1 
-1 -1 -1 -1 -1 -1 -1 -1 -1 -1 -1 -1 33 -1 17 
-1 -1 -1 -1 -1 -1 -1 -1 -1 -1 -1 15 -1 29 -1 
-1 -1 -1 -1 -1 -1 -1 -1 -1 -1 -1 -1 14 -1 23 
-1 -1 -1 -1 -1 -1 -1 -1 -1 -1 -1 -1 -1 -1 -1 
-1 -1 -1 -1 -1 -1 -1 -1 -1 -1 -1 -1 -1 -1 -1 
-1 -1 -1 -1 -1 -1 -1 -1 -1 -1 -1 -1 -1 -1 -1 
-1 -1 -1 -1 -1 -1 -1 -1 -1 -1 -1 -1 -1 -1 -1 

10.0 17.0 12.0 6.0 
13.0 22.0 21.0 8.0 
21.0 26.0 23.0 14.0 
14.0 16.0 13.0 8.0 
17.0 10.0 17.0 6.0 
24.0 28.0 27.0 16.0 
17.0 19.0 23.0 11.0 
16.0 21.0 22.0 10.0 
12.0 21.0 13.0 8.0 
16.0 18.0 19.0 10.0 
14.0 25.0 25.0 9.0 
25.0 15.0 24.0 10.0 
11.0 12.0 12.0 7.0 
12.0 16.0 15.0 8.0 
10.0 16.0 13.0 6.0 

0.00 1.05 1.12 0.92 
1.05 0.00 1.25 0.71 
1.12 1.25 0.00 0.84 
0.92 0.71 0.84 0.00 

0.0 4.0 3.0 4.0 
4.0 0.0 4.0 2.0 
3.0 4.0 0.0 4.0 
4.0 2.0 4.0 0.0 

12 16 28 16 12 32 22 20 16 20 18 20 14 16 12 

15 3 76

-1 19 20 -1 -1 -1 -1 -1 -1 -1 -1 -1 -1 -1 -1 
-1 -1 -1 23 32 -1 -1 -1 -1 -1 -1 -1 -1 -1 -1 
-1 -1 -1 -1 -1 33 14 -1 -1 -1 -1 -1 -1 -1 -1 
-1 -1 -1 -1 -1 -1 -1 34 28 -1 -1 -1 -1 -1 -1 
-1 -1 -1 -1 -1 -1 -1 26 16 -1 -1 -1 -1 -1 -1 
-1 -1 -1 -1 -1 -1 -1 -1 -1 39 13 -1 -1 -1 -1 
-1 -1 -1 -1 -1 -1 -1 -1 -1 35 29 -1 -1 -1 -1 
-1 -1 -1 -1 -1 -1 -1 -1 -1 -1 -1 30 -1 13 -1 
-1 -1 -1 -1 -1 -1 -1 -1 -1 -1 -1 -1 38 -1 39 
-1 -1 -1 -1 -1 -1 -1 -1 -1 -1 -1 26 -1 31 -1 
-1 -1 -1 -1 -1 -1 -1 -1 -1 -1 -1 -1 25 -1 37 
-1 -1 -1 -1 -1 -1 -1 -1 -1 -1 -1 -1 -1 -1 -1 
-1 -1 -1 -1 -1 -1 -1 -1 -1 -1 -1 -1 -1 -1 -1 
-1 -1 -1 -1 -1 -1 -1 -1 -1 -1 -1 -1 -1 -1 -1 
-1 -1 -1 -1 -1 -1 -1 -1 -1 -1 -1 -1 -1 -1 -1 

17.0 20.0 28.0 11.0 
10.0 13.0 13.0 6.0 
29.0 28.0 22.0 14.0 
17.0 14.0 26.0 9.0 
22.0 12.0 15.0 8.0 
9.0 17.0 14.0 6.0 
26.0 25.0 24.0 16.0 
19.0 21.0 18.0 12.0 
18.0 23.0 21.0 12.0 
21.0 26.0 13.0 8.0 
20.0 18.0 17.0 11.0 
19.0 11.0 15.0 7.0 
23.0 17.0 15.0 10.0 
25.0 16.0 13.0 8.0 
22.0 21.0 24.0 14.0 

0.00 1.05 1.12 0.92 
1.05 0.00 1.25 0.71 
1.12 1.25 0.00 0.84 
0.92 0.71 0.84 0.00 

0.0 4.0 3.0 4.0 
4.0 0.0 4.0 2.0 
3.0 4.0 0.0 4.0 
4.0 2.0 4.0 0.0 

22 12 28 18 16 12 32 24 24 16 22 14 20 16 28 

